-49.113037 -163.033798 -72.308189   0.701743 -0.668017 -0.247610 0.000000
-49.217392 -163.144455 -72.231194   0.702052 -0.667888 -0.247081 0.000000
-49.276360 -163.116867 -71.998436   0.702250 -0.667863 -0.246586 0.000000
-49.168652 -163.082001 -72.160881   0.702343 -0.667561 -0.247136 0.000000
-49.233276 -163.180923 -72.193207   0.702657 -0.667472 -0.246484 0.000000
-49.632538 -163.450867 -71.841209   0.700014 -0.670541 -0.245673 0.000000
-49.972294 -163.049667 -69.978210   0.699328 -0.672811 -0.241383 0.000000
-50.082058 -163.231873 -70.264343   0.697199 -0.674451 -0.242958 0.000000
-50.291367 -163.167038 -69.476120   0.697851 -0.674585 -0.240705 0.000000
-50.124489 -163.227020 -70.051842   0.698283 -0.673667 -0.242020 0.000000
-50.178577 -163.257462 -69.942566   0.698496 -0.673627 -0.241516 0.000000
-50.073467 -163.098022 -69.215744   0.700419 -0.671876 -0.240824 0.000000
-49.738247 -163.267212 -69.383209   0.701369 -0.669806 -0.243804 0.000000
-49.434719 -163.042847 -68.572563   0.703003 -0.667498 -0.245424 0.000000
-48.914886 -163.070892 -69.529358   0.704193 -0.663242 -0.253423 0.000000
-48.846260 -163.068741 -69.916504   0.705440 -0.662375 -0.252217 0.000000
-49.079483 -163.136490 -70.143227   0.706025 -0.663486 -0.247619 0.000000
-49.017979 -163.227402 -70.813660   0.706756 -0.663029 -0.246756 0.000000
-48.920025 -163.273529 -71.563202   0.705779 -0.664162 -0.246506 0.000000
-48.976410 -163.227692 -71.748817   0.704924 -0.665123 -0.246359 0.000000
-49.413380 -163.226959 -71.074966   0.703873 -0.666394 -0.245931 0.000000
-49.694790 -163.255005 -70.688507   0.702312 -0.668037 -0.245935 0.000000
-49.850029 -163.170273 -70.120918   0.701341 -0.669415 -0.244956 0.000000
-49.623280 -163.150085 -70.019585   0.700757 -0.670079 -0.244812 0.000000
-49.118591 -163.014359 -69.646149   0.701328 -0.670102 -0.243108 0.000000
-48.546322 -163.040070 -69.317558   0.700702 -0.674779 -0.231710 0.000000
-48.287361 -163.064865 -68.394798   0.702260 -0.678021 -0.217067 0.000000
-48.201618 -163.208847 -67.781883   0.703606 -0.679867 -0.206686 0.000000
-48.261066 -163.238724 -67.502586   0.704923 -0.681098 -0.197962 0.000000
-48.321774 -163.345474 -67.349525   0.704953 -0.683662 -0.188805 0.000000
-48.194061 -163.304321 -66.636963   0.705482 -0.685260 -0.180867 0.000000
-47.982098 -163.368759 -66.274269   0.704573 -0.687821 -0.174582 0.000000
-47.746078 -163.352203 -65.814972   0.704249 -0.689768 -0.168089 0.000000
-47.436630 -163.367157 -65.424400   0.704327 -0.690949 -0.162827 0.000000
-47.239029 -163.452713 -65.233345   0.703995 -0.692400 -0.158029 0.000000
-47.150860 -163.571579 -65.109215   0.704244 -0.692991 -0.154283 0.000000
-47.092243 -163.676193 -65.029984   0.704617 -0.693377 -0.150809 0.000000
-47.159622 -163.814148 -65.051468   0.704599 -0.694216 -0.146988 0.000000
-47.315544 -163.936996 -65.048759   0.704975 -0.694393 -0.144322 0.000000
-47.412289 -164.021484 -65.101990   0.704869 -0.694990 -0.141946 0.000000
-47.440556 -164.057419 -64.992233   0.705008 -0.695495 -0.138746 0.000000
-47.490791 -164.120697 -64.724236   0.705166 -0.696003 -0.135357 0.000000
-47.545044 -164.156021 -64.454353   0.705123 -0.696512 -0.132940 0.000000
-47.573174 -164.160995 -64.275642   0.704594 -0.697577 -0.130128 0.000000
-47.616756 -164.138123 -64.170174   0.704465 -0.698274 -0.127052 0.000000
-47.704903 -164.164902 -64.149902   0.704366 -0.698718 -0.125147 0.000000
-47.776855 -164.226913 -64.099792   0.704346 -0.698972 -0.123835 0.000000
-47.890732 -164.311554 -64.061882   0.704519 -0.698965 -0.122889 0.000000
-48.040443 -164.396301 -64.070671   0.704365 -0.699228 -0.122276 0.000000
-48.208340 -164.438629 -63.983238   0.704496 -0.699178 -0.121803 0.000000
-48.334858 -164.457077 -63.783085   0.704718 -0.699135 -0.120764 0.000000
-48.433884 -164.453369 -63.593758   0.704909 -0.699166 -0.119460 0.000000
-48.573586 -164.500122 -63.486237   0.705058 -0.699108 -0.118916 0.000000
-48.670635 -164.492996 -63.400864   0.705432 -0.698778 -0.118638 0.000000
-48.671787 -164.434845 -63.342148   0.705286 -0.698983 -0.118300 0.000000
-48.629234 -164.411194 -63.121532   0.705112 -0.699228 -0.117884 0.000000
-48.554546 -164.391556 -62.973701   0.705191 -0.699164 -0.117791 0.000000
-48.554417 -164.323776 -62.997108   0.705475 -0.698848 -0.117968 0.000000
-48.615700 -164.318588 -63.038189   0.705675 -0.698678 -0.117779 0.000000
-48.635086 -164.359985 -63.060665   0.705812 -0.698611 -0.117357 0.000000
-48.557144 -164.398193 -63.039909   0.705891 -0.698557 -0.117202 0.000000
-48.489552 -164.455460 -63.044350   0.705740 -0.698658 -0.117505 0.000000
-48.580936 -164.495590 -63.018909   0.705619 -0.698736 -0.117770 0.000000
-48.699268 -164.534988 -63.020031   0.705384 -0.698927 -0.118047 0.000000
-48.698349 -164.533234 -62.998653   0.705214 -0.699153 -0.117716 0.000000
-48.673759 -164.554871 -62.943417   0.705315 -0.699110 -0.117373 0.000000
-48.663879 -164.593399 -62.967842   0.705438 -0.698999 -0.117293 0.000000
-48.608246 -164.623764 -62.944767   0.705624 -0.698827 -0.117201 0.000000
-48.513641 -164.623306 -62.892868   0.705946 -0.698488 -0.117281 0.000000
-48.444412 -164.620590 -62.869904   0.706134 -0.698284 -0.117362 0.000000
-48.425003 -164.606934 -62.869038   0.706140 -0.698305 -0.117204 0.000000
-48.440990 -164.595505 -62.880066   0.706013 -0.698465 -0.117017 0.000000
-48.422993 -164.552612 -62.920116   0.706082 -0.698427 -0.116827 0.000000
-48.401165 -164.542892 -62.895386   0.706151 -0.698391 -0.116621 0.000000
-48.389961 -164.546722 -62.872845   0.706160 -0.698380 -0.116636 0.000000
-48.413589 -164.570633 -62.908875   0.705915 -0.698630 -0.116621 0.000000
-48.508873 -164.593796 -62.922562   0.705752 -0.698782 -0.116700 0.000000
-48.654327 -164.576797 -62.893150   0.705953 -0.698490 -0.117225 0.000000
-48.719700 -164.592804 -62.945271   0.705708 -0.698645 -0.117778 0.000000
-48.817635 -164.589401 -62.980839   0.705773 -0.698468 -0.118435 0.000000
-48.842075 -164.603409 -63.038857   0.705476 -0.698573 -0.119579 0.000000
-48.787556 -164.610016 -63.014793   0.705161 -0.698708 -0.120646 0.000000
-48.803116 -164.602554 -63.041557   0.704831 -0.698838 -0.121813 0.000000
-48.913242 -164.623688 -63.158749   0.704408 -0.698997 -0.123337 0.000000
-49.035484 -164.650681 -63.211636   0.704129 -0.699066 -0.124537 0.000000
-49.139587 -164.635391 -63.223202   0.703978 -0.699096 -0.125218 0.000000
-49.197033 -164.593887 -63.326763   0.703836 -0.699017 -0.126452 0.000000
-49.227295 -164.518768 -63.421345   0.703696 -0.698824 -0.128285 0.000000
-49.214199 -164.378876 -63.419666   0.703550 -0.698470 -0.130984 0.000000
-49.207596 -164.238205 -63.578503   0.702873 -0.698458 -0.134633 0.000000
-49.205132 -164.018463 -63.690807   0.702584 -0.697986 -0.138530 0.000000
-49.244747 -163.860260 -63.812702   0.702018 -0.697565 -0.143434 0.000000
-49.219635 -163.766418 -63.977673   0.700793 -0.697613 -0.149080 0.000000
-49.054459 -163.601181 -64.062363   0.699983 -0.697193 -0.154742 0.000000
-48.876526 -163.523636 -64.166740   0.699433 -0.696379 -0.160782 0.000000
-48.783588 -163.495377 -64.219810   0.698927 -0.695605 -0.166239 0.000000
-48.707184 -163.500656 -64.327522   0.698143 -0.694970 -0.172083 0.000000
-48.613541 -163.531738 -64.431450   0.697495 -0.694125 -0.178019 0.000000
-48.460236 -163.607605 -64.500443   0.696825 -0.693667 -0.182379 0.000000
-48.375496 -163.752945 -64.493172   0.696258 -0.692879 -0.187464 0.000000
-48.344452 -164.079269 -64.797432   0.695437 -0.691752 -0.194540 0.000000
-48.294903 -164.361603 -64.787560   0.695017 -0.690654 -0.199871 0.000000
-48.229538 -164.648834 -64.823318   0.694622 -0.689672 -0.204579 0.000000
-48.178944 -165.003220 -65.104111   0.694259 -0.688435 -0.209908 0.000000
-48.268734 -165.418365 -65.347710   0.694141 -0.687064 -0.214735 0.000000
-48.339252 -165.702499 -65.472816   0.693797 -0.686472 -0.217721 0.000000
-48.391109 -165.946228 -65.631767   0.693303 -0.685929 -0.220980 0.000000
-48.456974 -166.242462 -66.139336   0.692973 -0.684353 -0.226825 0.000000
-48.566177 -166.359467 -66.171822   0.692472 -0.683142 -0.231948 0.000000
-48.664345 -166.583649 -66.263184   0.691709 -0.680418 -0.242011 0.000000
-48.809910 -166.852234 -66.356041   0.690805 -0.676662 -0.254790 0.000000
-48.956764 -167.091537 -66.492607   0.690112 -0.672717 -0.266829 0.000000
-48.986729 -167.201981 -66.696426   0.689382 -0.670077 -0.275226 0.000000
-48.910412 -167.157242 -66.727272   0.688320 -0.669527 -0.279195 0.000000
-48.839386 -167.064529 -66.646584   0.687605 -0.669059 -0.282062 0.000000
-48.748280 -167.015778 -66.824890   0.686914 -0.667666 -0.287005 0.000000
-48.626690 -167.048676 -67.156662   0.686163 -0.665944 -0.292744 0.000000
-48.507713 -167.049683 -67.115662   0.685557 -0.664836 -0.296656 0.000000
-48.269100 -167.026871 -67.066246   0.684582 -0.663607 -0.301618 0.000000
-47.987076 -166.917725 -67.151253   0.683404 -0.662363 -0.306974 0.000000
-47.789051 -166.749695 -67.263863   0.682453 -0.661209 -0.311545 0.000000
-47.545242 -166.523193 -67.568420   0.680938 -0.661680 -0.313852 0.000000
-47.339077 -166.218140 -67.745209   0.679317 -0.662913 -0.314761 0.000000
-47.065395 -165.964142 -68.009834   0.678453 -0.661755 -0.319031 0.000000
-46.792786 -165.689316 -68.038185   0.677648 -0.660405 -0.323509 0.000000
-46.539368 -165.363373 -67.861511   0.676755 -0.659005 -0.328202 0.000000
-46.321072 -165.192444 -67.904625   0.676591 -0.654186 -0.338032 0.000000
-46.261547 -165.102112 -68.057365   0.675918 -0.650711 -0.345991 0.000000
-46.210484 -164.998322 -68.282326   0.674996 -0.648803 -0.351334 0.000000
-46.156921 -164.930344 -68.558052   0.673969 -0.646836 -0.356888 0.000000
-46.219864 -164.855057 -68.701431   0.673103 -0.644541 -0.362629 0.000000
-46.233257 -164.876633 -69.078217   0.671799 -0.641443 -0.370454 0.000000
-46.260635 -164.883820 -69.310165   0.670373 -0.638659 -0.377775 0.000000
-46.328133 -164.827530 -69.422836   0.668966 -0.636723 -0.383495 0.000000
-46.355705 -164.784500 -69.698685   0.666981 -0.635011 -0.389741 0.000000
-46.392330 -164.788681 -70.031715   0.664491 -0.632749 -0.397592 0.000000
-46.393646 -164.885574 -70.565781   0.661664 -0.629631 -0.407144 0.000000
-46.307125 -164.911926 -71.038673   0.659515 -0.627756 -0.413476 0.000000
-46.158043 -164.846420 -71.229958   0.658012 -0.626594 -0.417612 0.000000
-46.049862 -164.816208 -71.511887   0.655960 -0.625057 -0.423109 0.000000
-45.941170 -164.885712 -71.903297   0.653477 -0.623294 -0.429502 0.000000
-45.766850 -164.758087 -72.006363   0.651767 -0.623410 -0.431925 0.000000
-45.577934 -164.528107 -71.945587   0.650544 -0.622482 -0.435096 0.000000
-45.444042 -164.513763 -72.268791   0.648076 -0.620351 -0.441771 0.000000
-45.348381 -164.442139 -72.439697   0.646004 -0.620169 -0.445050 0.000000
-45.172161 -164.321884 -72.543076   0.644812 -0.619587 -0.447582 0.000000
-45.011951 -164.242126 -72.731110   0.643683 -0.617695 -0.451802 0.000000
-44.836597 -164.182693 -72.936119   0.642067 -0.616513 -0.455699 0.000000
-44.626110 -164.124939 -73.087044   0.640271 -0.615476 -0.459611 0.000000
-44.290688 -164.064438 -73.108543   0.638561 -0.613857 -0.464132 0.000000
-43.967861 -163.911606 -72.969238   0.637052 -0.612293 -0.468255 0.000000
-43.697926 -163.802902 -73.047600   0.635751 -0.610748 -0.472025 0.000000
-43.382687 -163.633530 -73.091393   0.634740 -0.609570 -0.474900 0.000000
-43.039944 -163.497696 -73.195045   0.632777 -0.607058 -0.480701 0.000000
-42.701660 -163.233459 -73.232491   0.630733 -0.603959 -0.487247 0.000000
-42.187840 -162.865784 -73.257721   0.628911 -0.600877 -0.493374 0.000000
-41.683060 -162.425690 -73.123787   0.627482 -0.596862 -0.500023 0.000000
-41.059254 -161.922028 -72.937973   0.625402 -0.592561 -0.507684 0.000000
-40.338383 -161.364395 -72.737366   0.623018 -0.587428 -0.516504 0.000000
-39.692520 -160.766006 -72.565094   0.621162 -0.582299 -0.524486 0.000000
-39.117050 -160.190231 -72.293854   0.619974 -0.577104 -0.531586 0.000000
-38.573803 -159.654617 -71.987503   0.618657 -0.572257 -0.538317 0.000000
-38.152596 -159.232574 -71.799255   0.616972 -0.568935 -0.543745 0.000000
-37.821419 -158.906891 -71.678940   0.615369 -0.566072 -0.548529 0.000000
-37.464233 -158.573181 -71.630669   0.613891 -0.563599 -0.552715 0.000000
-37.166607 -158.347260 -71.611427   0.612266 -0.561477 -0.556662 0.000000
-36.970287 -158.200348 -71.588882   0.611094 -0.560175 -0.559256 0.000000
-36.745831 -158.039841 -71.571304   0.609525 -0.558214 -0.562918 0.000000
-36.529320 -157.885620 -71.559891   0.606839 -0.555066 -0.568901 0.000000
-36.378422 -157.718536 -71.592865   0.605272 -0.552846 -0.572719 0.000000
-36.196522 -157.572510 -71.504051   0.603905 -0.550685 -0.576233 0.000000
-36.030128 -157.421402 -71.388428   0.602051 -0.547154 -0.581513 0.000000
-35.923649 -157.346985 -71.482262   0.600358 -0.543114 -0.587024 0.000000
-35.842926 -157.245087 -71.476402   0.599231 -0.540239 -0.590816 0.000000
-35.768219 -157.145615 -71.525597   0.598016 -0.537206 -0.594800 0.000000
-35.661301 -157.112274 -71.682411   0.595979 -0.533787 -0.599901 0.000000
-35.461430 -157.068909 -71.800468   0.593441 -0.530657 -0.605170 0.000000
-35.392742 -157.011063 -71.928474   0.591708 -0.527377 -0.609717 0.000000
-35.358871 -156.977585 -71.998901   0.589980 -0.525470 -0.613030 0.000000
-35.373318 -156.991455 -72.074699   0.588881 -0.522956 -0.616228 0.000000
-35.329933 -156.943863 -72.012009   0.588385 -0.520697 -0.618609 0.000000
-35.236980 -156.821060 -71.999786   0.587647 -0.518125 -0.621464 0.000000
-35.007027 -156.649048 -72.069435   0.586357 -0.517883 -0.622882 0.000000
-34.842930 -156.527924 -72.042610   0.585211 -0.516498 -0.625107 0.000000
-34.734932 -156.434906 -72.014854   0.584555 -0.513858 -0.627889 0.000000
-34.525730 -156.306671 -71.957390   0.584305 -0.511116 -0.630355 0.000000
-34.237305 -156.136826 -71.969147   0.583385 -0.508877 -0.633014 0.000000
-34.072983 -155.957138 -72.144768   0.582237 -0.507223 -0.635394 0.000000
-34.018394 -155.803604 -72.137207   0.580786 -0.507458 -0.636532 0.000000
-34.020546 -155.632385 -72.133736   0.579553 -0.508375 -0.636925 0.000000
-34.010223 -155.585495 -72.208916   0.578015 -0.510114 -0.636933 0.000000
-34.059937 -155.445053 -72.307365   0.577213 -0.510381 -0.637445 0.000000
-34.198109 -155.223969 -72.536156   0.576537 -0.510724 -0.637782 0.000000
-34.321732 -154.880447 -72.842720   0.575686 -0.511902 -0.637607 0.000000
-34.493954 -154.440765 -73.126778   0.574772 -0.511044 -0.639118 0.000000
-34.615349 -153.903442 -73.321983   0.574256 -0.510293 -0.640180 0.000000
-34.695568 -153.372177 -73.319878   0.573758 -0.509418 -0.641323 0.000000
-34.816856 -152.951691 -73.404373   0.572960 -0.508007 -0.643153 0.000000
-34.886005 -152.626953 -73.605339   0.571913 -0.508297 -0.643855 0.000000
-35.025379 -152.413574 -73.669556   0.571399 -0.508282 -0.644323 0.000000
-35.144844 -152.173096 -73.670639   0.571391 -0.506827 -0.645475 0.000000
-35.198696 -151.906815 -73.672729   0.570979 -0.505875 -0.646585 0.000000
-35.257099 -151.608521 -73.693848   0.570310 -0.505521 -0.647453 0.000000
-35.260654 -151.286179 -73.669884   0.569729 -0.504363 -0.648865 0.000000
-35.217289 -150.922592 -73.577003   0.569319 -0.501447 -0.651480 0.000000
-35.217251 -150.574310 -73.563469   0.568674 -0.498364 -0.654403 0.000000
-35.275375 -150.260025 -73.536804   0.568346 -0.495529 -0.656836 0.000000
-35.287155 -150.006424 -73.555962   0.567584 -0.492834 -0.659517 0.000000
-35.332291 -149.844696 -73.566246   0.566689 -0.490223 -0.662227 0.000000
-35.318954 -149.716766 -73.430336   0.565987 -0.487169 -0.665075 0.000000
-35.305611 -149.554657 -73.426819   0.565422 -0.482842 -0.668701 0.000000
-35.239067 -149.435501 -73.455963   0.564516 -0.480597 -0.671080 0.000000
-35.143463 -149.346649 -73.478676   0.563511 -0.478792 -0.673211 0.000000
-34.979885 -149.242859 -73.532150   0.562775 -0.476772 -0.675258 0.000000
-34.900059 -149.130585 -73.637711   0.561816 -0.475128 -0.677212 0.000000
-34.788982 -148.975555 -73.767235   0.560545 -0.474561 -0.678662 0.000000
-34.745739 -148.749741 -73.998825   0.559936 -0.473043 -0.680223 0.000000
-34.673546 -148.531296 -74.141846   0.558468 -0.471597 -0.682430 0.000000
-34.631443 -148.290070 -74.336105   0.556650 -0.469990 -0.685018 0.000000
-34.558968 -147.966110 -74.535126   0.555397 -0.467907 -0.687457 0.000000
-34.551250 -147.585052 -74.815720   0.554112 -0.463976 -0.691148 0.000000
-34.538895 -147.239105 -75.092567   0.552689 -0.461236 -0.694115 0.000000
-34.501057 -146.923218 -75.308922   0.551465 -0.458829 -0.696679 0.000000
-34.486431 -146.634140 -75.396713   0.550842 -0.456518 -0.698687 0.000000
-34.462715 -146.429459 -75.557663   0.550355 -0.454654 -0.700285 0.000000
-34.463829 -146.180008 -75.864960   0.549907 -0.452723 -0.701886 0.000000
-34.385395 -145.850922 -76.211311   0.548642 -0.450908 -0.704041 0.000000
-34.262962 -145.502579 -76.459961   0.547461 -0.448166 -0.706706 0.000000
-34.254452 -145.199570 -76.722603   0.546473 -0.444465 -0.709801 0.000000
-34.263981 -144.946930 -77.055153   0.545740 -0.441522 -0.712198 0.000000
-34.345032 -144.757980 -77.533035   0.544739 -0.439304 -0.714332 0.000000
-34.477551 -144.632278 -77.954628   0.543201 -0.438660 -0.715899 0.000000
-34.556217 -144.492554 -78.285927   0.542300 -0.436148 -0.718112 0.000000
-34.504204 -144.181107 -78.487556   0.541504 -0.432377 -0.720988 0.000000
-34.436779 -143.936584 -78.763519   0.540445 -0.428814 -0.723905 0.000000
-34.328754 -143.733139 -79.032280   0.539718 -0.427723 -0.725091 0.000000
-34.243988 -143.504196 -79.176674   0.538962 -0.425498 -0.726960 0.000000
-34.088707 -143.301712 -79.233589   0.537501 -0.421557 -0.730330 0.000000
-33.781406 -143.009155 -78.996742   0.536737 -0.420186 -0.731681 0.000000
-33.535645 -142.549911 -78.656670   0.537084 -0.416816 -0.733352 0.000000
-33.299889 -142.018051 -78.142365   0.537710 -0.412968 -0.735068 0.000000
-33.091450 -141.594269 -77.997467   0.539023 -0.409271 -0.736174 0.000000
-32.843105 -141.232193 -77.792152   0.538785 -0.410234 -0.735812 0.000000
-32.630932 -140.798401 -77.597839   0.539043 -0.409745 -0.735895 0.000000
-32.377995 -140.257462 -77.545715   0.539805 -0.408804 -0.735859 0.000000
-32.149704 -139.853806 -77.539360   0.540157 -0.407286 -0.736443 0.000000
-31.915861 -139.431412 -77.344604   0.540489 -0.405766 -0.737038 0.000000
-31.628340 -138.914215 -77.107002   0.541066 -0.403477 -0.737872 0.000000
-31.352221 -138.448120 -77.003510   0.541810 -0.400070 -0.739180 0.000000
-31.131798 -138.151779 -77.021187   0.541640 -0.399005 -0.739879 0.000000
-30.952959 -137.982224 -77.040016   0.541368 -0.399466 -0.739829 0.000000
-30.894379 -137.753723 -76.954056   0.541872 -0.398913 -0.739759 0.000000
-30.756987 -137.514816 -76.979523   0.542038 -0.398856 -0.739668 0.000000
-30.660936 -137.278290 -76.993225   0.542285 -0.398681 -0.739581 0.000000
-30.630640 -136.996155 -77.027084   0.542752 -0.397795 -0.739716 0.000000
-30.589354 -136.815048 -77.018394   0.542999 -0.397392 -0.739751 0.000000
-30.505241 -136.727753 -76.922264   0.543209 -0.396828 -0.739900 0.000000
-30.459587 -136.631851 -76.950821   0.543782 -0.395538 -0.740169 0.000000
-30.490114 -136.618027 -76.904076   0.544120 -0.395402 -0.739993 0.000000
-30.475393 -136.647873 -76.892296   0.544381 -0.395173 -0.739924 0.000000
-30.441895 -136.677261 -76.962425   0.544148 -0.395427 -0.739960 0.000000
-30.542496 -136.731979 -77.107613   0.543894 -0.394152 -0.740826 0.000000
-30.586882 -136.797089 -77.187920   0.543491 -0.393969 -0.741219 0.000000
-30.602045 -136.815216 -77.245064   0.543107 -0.393800 -0.741590 0.000000
-30.608240 -136.829956 -77.298729   0.543020 -0.393672 -0.741722 0.000000
-30.563147 -136.869263 -77.441864   0.542505 -0.394652 -0.741578 0.000000
-30.551897 -136.868835 -77.533592   0.542116 -0.394832 -0.741766 0.000000
-30.546247 -136.896896 -77.627220   0.541614 -0.395463 -0.741798 0.000000
-30.592226 -136.979874 -77.672188   0.541170 -0.396488 -0.741574 0.000000
-30.683212 -137.057404 -77.649796   0.540638 -0.396802 -0.741794 0.000000
-30.715071 -137.038010 -77.670418   0.540322 -0.397363 -0.741724 0.000000
-30.687489 -136.989349 -77.682625   0.540184 -0.397912 -0.741530 0.000000
-30.763187 -137.004227 -77.759270   0.539902 -0.397828 -0.741781 0.000000
-30.771084 -137.055206 -77.809052   0.539735 -0.399199 -0.741165 0.000000
-30.760387 -137.028137 -77.841583   0.539691 -0.399522 -0.741024 0.000000
-30.776320 -137.010223 -77.855797   0.539785 -0.399399 -0.741021 0.000000
-30.756910 -137.022049 -77.872833   0.539716 -0.400871 -0.740276 0.000000
-30.698065 -136.996231 -77.700623   0.539773 -0.402526 -0.739336 0.000000
-30.669222 -136.930328 -77.572281   0.540272 -0.403093 -0.738662 0.000000
-30.702116 -136.854401 -77.573845   0.540777 -0.402990 -0.738349 0.000000
-30.648556 -136.804916 -77.577286   0.540974 -0.403174 -0.738104 0.000000
-30.644583 -136.826263 -77.657753   0.541193 -0.402162 -0.738496 0.000000
-30.610685 -136.807037 -77.622910   0.541389 -0.400772 -0.739107 0.000000
-30.544701 -136.744461 -77.551430   0.541838 -0.398458 -0.740029 0.000000
-30.532034 -136.672989 -77.432213   0.542351 -0.396037 -0.740952 0.000000
-30.551722 -136.648056 -77.366966   0.542521 -0.395147 -0.741302 0.000000
-30.532270 -136.697174 -77.387604   0.542605 -0.395483 -0.741062 0.000000
-30.536879 -136.700577 -77.428780   0.542595 -0.396221 -0.740675 0.000000
-30.527884 -136.717712 -77.445572   0.542722 -0.396415 -0.740478 0.000000
-30.531790 -136.726044 -77.454575   0.542643 -0.396650 -0.740410 0.000000
-30.511929 -136.705795 -77.443710   0.542828 -0.396315 -0.740454 0.000000
-30.459013 -136.622864 -77.321701   0.543159 -0.394873 -0.740981 0.000000
-30.418045 -136.512833 -77.152695   0.543569 -0.393588 -0.741364 0.000000
-30.425995 -136.526474 -77.121239   0.543811 -0.392748 -0.741632 0.000000
-30.483513 -136.570343 -77.127449   0.544080 -0.391727 -0.741975 0.000000
-30.537069 -136.649231 -77.272881   0.543707 -0.392452 -0.741865 0.000000
-30.558943 -136.763596 -77.411896   0.543396 -0.393689 -0.741437 0.000000
-30.556049 -136.774399 -77.408066   0.543407 -0.393613 -0.741470 0.000000
-30.544319 -136.754562 -77.421410   0.543374 -0.393516 -0.741545 0.000000
-30.525875 -136.738617 -77.343819   0.543556 -0.392976 -0.741699 0.000000
-30.468571 -136.658646 -77.211586   0.543767 -0.392443 -0.741826 0.000000
-30.455423 -136.618271 -77.103210   0.543916 -0.392585 -0.741641 0.000000
-30.456198 -136.603897 -77.101799   0.544014 -0.392719 -0.741499 0.000000
-30.371319 -136.542725 -77.004929   0.544592 -0.392973 -0.740939 0.000000
-30.367310 -136.534103 -76.950150   0.545160 -0.392093 -0.740989 0.000000
-30.361979 -136.579025 -77.097176   0.545113 -0.392526 -0.740794 0.000000
-30.294842 -136.507095 -77.029732   0.545386 -0.393172 -0.740249 0.000000
-30.230059 -136.432602 -76.970177   0.545892 -0.391841 -0.740583 0.000000
-30.133368 -136.389206 -76.929596   0.546103 -0.392102 -0.740288 0.000000
-30.120150 -136.351257 -76.880814   0.546636 -0.391336 -0.740301 0.000000
-30.071569 -136.240280 -76.774864   0.547246 -0.391673 -0.739672 0.000000
-30.066122 -136.220917 -76.742226   0.547767 -0.392246 -0.738982 0.000000
-30.169855 -136.259323 -76.753441   0.548530 -0.391007 -0.739072 0.000000
-30.082464 -136.291168 -76.788712   0.548761 -0.392403 -0.738161 0.000000
-30.093513 -136.387100 -76.898964   0.548590 -0.393278 -0.737822 0.000000
-30.133919 -136.435699 -76.877922   0.548969 -0.393340 -0.737507 0.000000
-30.114965 -136.394638 -76.884270   0.549148 -0.393831 -0.737112 0.000000
-30.133591 -136.388489 -76.800247   0.549272 -0.394396 -0.736717 0.000000
-30.190413 -136.398224 -76.729698   0.549533 -0.394812 -0.736300 0.000000
-30.257647 -136.422989 -76.762436   0.549578 -0.395807 -0.735731 0.000000
-30.362263 -136.493301 -76.661591   0.549850 -0.397312 -0.734717 0.000000
-30.446085 -136.527344 -76.587067   0.549972 -0.399200 -0.733601 0.000000
-30.518795 -136.609879 -76.694038   0.549983 -0.400366 -0.732957 0.000000
-30.607037 -136.821960 -76.770805   0.550138 -0.401814 -0.732048 0.000000
-30.695250 -137.152527 -76.788696   0.549989 -0.404910 -0.730452 0.000000
-30.828011 -137.613266 -76.762993   0.549863 -0.408917 -0.728312 0.000000
-31.040617 -138.252747 -76.733147   0.549955 -0.413575 -0.725607 0.000000
-31.302795 -139.038284 -76.624466   0.549812 -0.420109 -0.721952 0.000000
-31.625957 -139.725983 -76.572983   0.549926 -0.426452 -0.718137 0.000000
-31.872728 -140.226379 -76.772606   0.549778 -0.433073 -0.714278 0.000000
-32.100441 -140.642242 -76.952309   0.549557 -0.439162 -0.710721 0.000000
-32.292377 -140.866455 -76.969879   0.549630 -0.442664 -0.708488 0.000000
-32.390385 -140.930649 -76.985527   0.549624 -0.444768 -0.707174 0.000000
-32.418972 -140.978470 -76.972702   0.549429 -0.446667 -0.706128 0.000000
-32.358223 -140.952454 -76.948425   0.549453 -0.449026 -0.704612 0.000000
-32.310444 -140.957184 -76.955162   0.549409 -0.452362 -0.702509 0.000000
-32.335793 -141.101761 -76.901558   0.549382 -0.456856 -0.699615 0.000000
-32.427139 -141.189911 -76.919533   0.549468 -0.462106 -0.696092 0.000000
-32.457241 -141.260956 -77.072609   0.549046 -0.468218 -0.692330 0.000000
-32.539211 -141.371994 -77.131912   0.548959 -0.473964 -0.688478 0.000000
-32.595654 -141.457245 -77.207703   0.548834 -0.479231 -0.684923 0.000000
-32.574535 -141.533524 -77.280251   0.548572 -0.484705 -0.681270 0.000000
-32.553917 -141.745667 -77.276718   0.548618 -0.489917 -0.677495 0.000000
-32.531441 -142.008774 -77.477966   0.548386 -0.495534 -0.673587 0.000000
-32.468464 -142.370911 -77.727837   0.547999 -0.502742 -0.668541 0.000000
-32.434124 -142.822830 -77.847366   0.547850 -0.509655 -0.663410 0.000000
-32.483608 -143.360764 -77.810783   0.547866 -0.515526 -0.658844 0.000000
-32.546116 -143.970718 -77.924583   0.547847 -0.521994 -0.653747 0.000000
-32.662430 -144.513336 -77.984337   0.547891 -0.528299 -0.648626 0.000000
-32.765411 -144.921204 -78.059746   0.548041 -0.534706 -0.643227 0.000000
-32.839722 -145.266998 -78.183502   0.547804 -0.541006 -0.638141 0.000000
-32.945915 -145.504135 -78.233269   0.547644 -0.547497 -0.632719 0.000000
-33.061848 -145.654892 -78.367935   0.547434 -0.554316 -0.626937 0.000000
-33.213020 -145.733841 -78.380936   0.547148 -0.560136 -0.621994 0.000000
-33.416496 -145.753632 -78.300034   0.546896 -0.564726 -0.618052 0.000000
-33.687305 -145.846268 -78.369308   0.546662 -0.569711 -0.613669 0.000000
-33.939983 -146.047897 -78.444260   0.547354 -0.576404 -0.606763 0.000000
-34.315647 -146.316055 -78.360558   0.548939 -0.580590 -0.601316 0.000000
-34.540627 -146.526367 -78.255753   0.551429 -0.584893 -0.594834 0.000000
-34.918293 -146.783646 -78.200821   0.555021 -0.588436 -0.587958 0.000000
-35.415390 -147.172806 -78.246475   0.559731 -0.591305 -0.580568 0.000000
-35.936531 -147.685928 -78.399757   0.566366 -0.593649 -0.571673 0.000000
-36.623146 -148.299469 -78.492607   0.575113 -0.594592 -0.561876 0.000000
-37.322914 -148.995239 -78.572754   0.581965 -0.596278 -0.552964 0.000000
-37.562008 -149.747650 -78.735519   0.588091 -0.599110 -0.543338 0.000000
-38.572315 -150.381424 -78.557877   0.598139 -0.594599 -0.537291 0.000000
-38.792339 -150.806305 -78.268967   0.603791 -0.596797 -0.528460 0.000000
-39.222656 -151.054840 -78.355042   0.608947 -0.597421 -0.521797 0.000000
-39.259190 -151.158829 -78.476105   0.611018 -0.604596 -0.511000 0.000000
-39.204502 -151.186523 -78.671989   0.610162 -0.617223 -0.496727 0.000000
-39.257061 -151.297287 -78.858490   0.609233 -0.629386 -0.482398 0.000000
-39.287727 -151.605392 -79.251610   0.607639 -0.641444 -0.468320 0.000000
-39.375748 -151.775070 -79.500504   0.607538 -0.655177 -0.449045 0.000000
-39.417221 -152.074387 -79.739594   0.608250 -0.666671 -0.430792 0.000000
-39.469379 -152.495102 -80.133057   0.609050 -0.674784 -0.416803 0.000000
-39.624542 -153.074661 -80.720100   0.609420 -0.681847 -0.404588 0.000000
-39.998428 -153.819275 -81.327820   0.610421 -0.686950 -0.394317 0.000000
-40.311661 -154.373764 -81.597862   0.612090 -0.689806 -0.386670 0.000000
-40.253613 -154.892319 -82.343765   0.613210 -0.691256 -0.382280 0.000000
-40.363300 -155.362610 -82.794029   0.614949 -0.694010 -0.374418 0.000000
-40.438114 -155.829803 -83.103455   0.618446 -0.696112 -0.364628 0.000000
-40.178661 -156.470978 -84.075150   0.624249 -0.695826 -0.355160 0.000000
-40.054436 -156.924133 -84.531090   0.629941 -0.697336 -0.341901 0.000000
-39.706261 -157.340714 -85.052635   0.633771 -0.699470 -0.330269 0.000000
-39.755020 -157.719864 -85.277161   0.637176 -0.701075 -0.320157 0.000000
-39.927101 -158.050873 -85.418671   0.640452 -0.701846 -0.311822 0.000000
-39.959656 -158.120697 -84.998520   0.642727 -0.702517 -0.305568 0.000000
-39.856262 -157.818069 -84.299629   0.644793 -0.701027 -0.304637 0.000000
-39.429249 -157.214233 -83.427277   0.645801 -0.699553 -0.305887 0.000000
-38.929264 -156.564743 -82.524376   0.646959 -0.697992 -0.307003 0.000000
-38.803257 -156.140656 -81.776932   0.648694 -0.696973 -0.305653 0.000000
-38.677395 -155.715927 -80.918747   0.650979 -0.696434 -0.302003 0.000000
-38.221909 -155.213547 -80.298470   0.653063 -0.695878 -0.298769 0.000000
-38.032681 -154.785446 -79.621300   0.655329 -0.695390 -0.294919 0.000000
-37.801449 -154.401474 -78.934883   0.657120 -0.695476 -0.290701 0.000000
-37.509785 -154.138382 -78.618240   0.658047 -0.696011 -0.287304 0.000000
-37.352421 -153.976517 -78.218483   0.659511 -0.695877 -0.284253 0.000000
-37.123299 -153.779251 -77.768799   0.660843 -0.695865 -0.281173 0.000000
-37.014503 -153.694489 -77.464790   0.661477 -0.696069 -0.279169 0.000000
-36.986458 -153.639755 -77.145042   0.662178 -0.695973 -0.277743 0.000000
-36.898132 -153.635956 -76.906113   0.662855 -0.695646 -0.276947 0.000000
-36.880524 -153.641907 -76.617485   0.663674 -0.695524 -0.275288 0.000000
-36.887302 -153.700699 -76.361755   0.664701 -0.695397 -0.273121 0.000000
-36.825729 -153.855225 -76.433388   0.665157 -0.695984 -0.270505 0.000000
-36.836205 -154.042877 -76.369987   0.665765 -0.696592 -0.267427 0.000000
-36.751305 -154.154968 -76.218033   0.666702 -0.697035 -0.263916 0.000000
-36.667282 -154.245789 -76.008408   0.667752 -0.696887 -0.261642 0.000000
-36.469814 -154.231537 -75.784119   0.668408 -0.697068 -0.259475 0.000000
-36.156624 -154.101074 -75.534561   0.669241 -0.697169 -0.257044 0.000000
-35.952293 -153.974548 -75.222015   0.670089 -0.697272 -0.254544 0.000000
-35.741478 -153.874527 -74.888092   0.670909 -0.697481 -0.251795 0.000000
-35.584251 -153.816376 -74.673393   0.671115 -0.698196 -0.249252 0.000000
-35.467167 -153.776657 -74.495949   0.671377 -0.698852 -0.246697 0.000000
-35.274555 -153.662415 -74.189148   0.672425 -0.698466 -0.244929 0.000000
-35.135120 -153.544312 -73.878815   0.673320 -0.697819 -0.244313 0.000000
-34.991528 -153.510361 -73.850716   0.673331 -0.698074 -0.243553 0.000000
-34.898849 -153.571167 -73.766708   0.673644 -0.697854 -0.243317 0.000000
-34.804157 -153.586823 -73.638405   0.673981 -0.697847 -0.242404 0.000000
-34.662750 -153.532913 -73.551346   0.674185 -0.698083 -0.241152 0.000000
-34.455803 -153.408356 -73.567947   0.674127 -0.698694 -0.239538 0.000000
-34.336945 -153.418289 -73.607628   0.674246 -0.698774 -0.238973 0.000000
-34.252563 -153.500687 -73.594284   0.674492 -0.698696 -0.238504 0.000000
-34.250217 -153.661560 -73.686798   0.674591 -0.698486 -0.238838 0.000000
-34.242962 -153.837051 -73.736061   0.674950 -0.698277 -0.238434 0.000000
-34.300331 -153.935150 -73.740257   0.675578 -0.698060 -0.237290 0.000000
-34.233521 -153.989075 -73.889366   0.675755 -0.698069 -0.236761 0.000000
-34.244900 -154.042999 -74.090813   0.675645 -0.698357 -0.236224 0.000000
-34.147846 -154.019653 -74.080246   0.675970 -0.698220 -0.235697 0.000000
-33.901886 -154.068359 -74.220741   0.675999 -0.698158 -0.235796 0.000000
-33.777599 -154.235077 -74.404762   0.676098 -0.698735 -0.233798 0.000000
-33.711456 -154.350052 -74.440674   0.676806 -0.699213 -0.230293 0.000000
-33.509579 -154.485626 -74.754997   0.677086 -0.699557 -0.228419 0.000000
-33.451782 -154.738541 -75.119385   0.676975 -0.699862 -0.227812 0.000000
-33.456100 -155.014603 -75.369514   0.677090 -0.699930 -0.227261 0.000000
-33.557014 -155.352600 -75.477158   0.677035 -0.699868 -0.227614 0.000000
-33.526619 -155.599442 -75.708382   0.676769 -0.699903 -0.228299 0.000000
-33.541943 -155.815079 -75.955086   0.676511 -0.699906 -0.229050 0.000000
-33.560680 -156.086273 -76.053726   0.676471 -0.699830 -0.229402 0.000000
-33.537815 -156.320175 -75.848930   0.676636 -0.699672 -0.229396 0.000000
-33.510578 -156.609055 -75.840912   0.676540 -0.699560 -0.230021 0.000000
-33.564034 -156.814240 -75.653542   0.676735 -0.699340 -0.230114 0.000000
-33.524857 -156.880554 -75.466980   0.676624 -0.699106 -0.231153 0.000000
-33.515816 -156.873718 -75.434402   0.676162 -0.698831 -0.233324 0.000000
-33.567822 -156.880875 -75.462585   0.675958 -0.698728 -0.234223 0.000000
-33.607422 -156.929031 -75.229233   0.676520 -0.698221 -0.234111 0.000000
-33.531567 -156.988770 -75.131920   0.677090 -0.698423 -0.231849 0.000000
-33.463192 -157.037781 -74.980370   0.678271 -0.698295 -0.228761 0.000000
-33.567619 -157.260849 -75.076653   0.679219 -0.697679 -0.227826 0.000000
-33.729454 -157.604904 -75.281525   0.680043 -0.697249 -0.226682 0.000000
-34.063446 -157.933487 -75.217476   0.680923 -0.697200 -0.224178 0.000000
-34.184708 -158.272858 -75.334885   0.681615 -0.697187 -0.222108 0.000000
-34.420944 -158.739441 -75.512428   0.682174 -0.697205 -0.220325 0.000000
-34.639729 -159.256119 -75.695534   0.682742 -0.697272 -0.218347 0.000000
-34.682835 -159.674057 -75.905830   0.683479 -0.697647 -0.214815 0.000000
-34.868507 -160.038422 -75.965149   0.684313 -0.698329 -0.209885 0.000000
-35.038685 -160.586731 -76.342323   0.685312 -0.697696 -0.208729 0.000000
-35.495708 -161.233032 -76.716225   0.685630 -0.697942 -0.206852 0.000000
-35.749920 -161.621796 -76.704117   0.686542 -0.698214 -0.202873 0.000000
-35.951363 -162.045639 -76.816734   0.687636 -0.697776 -0.200661 0.000000
-36.329350 -162.388443 -76.685684   0.688394 -0.698472 -0.195578 0.000000
-36.329178 -162.335999 -76.373291   0.690189 -0.697907 -0.191220 0.000000
-36.394993 -162.330673 -76.446320   0.691266 -0.697419 -0.189099 0.000000
-36.633865 -162.204239 -76.141983   0.692653 -0.696949 -0.185725 0.000000
-36.797176 -162.106812 -75.694321   0.693967 -0.695665 -0.185634 0.000000
-36.976410 -162.010880 -75.431992   0.694184 -0.695219 -0.186495 0.000000
-37.176868 -161.653290 -74.961365   0.694130 -0.695707 -0.184863 0.000000
-37.345585 -161.255737 -74.468559   0.694762 -0.694957 -0.185311 0.000000
-37.760704 -161.186035 -74.316460   0.694991 -0.693729 -0.189016 0.000000
-38.451500 -161.361038 -74.203781   0.694358 -0.693786 -0.191121 0.000000
-38.938759 -161.491089 -74.259293   0.694932 -0.692606 -0.193302 0.000000
-39.466045 -161.696609 -74.684593   0.694934 -0.692402 -0.194026 0.000000
-39.979168 -161.824631 -75.056786   0.695843 -0.691814 -0.192864 0.000000
-40.454796 -161.902100 -75.690491   0.696969 -0.690765 -0.192556 0.000000
-40.773987 -161.801941 -76.588203   0.698212 -0.689598 -0.192237 0.000000
-41.224648 -161.761658 -77.424980   0.699564 -0.688481 -0.191321 0.000000
-41.688789 -161.681595 -78.185463   0.700978 -0.687394 -0.190051 0.000000
-41.908348 -161.438370 -79.027481   0.702052 -0.686504 -0.189302 0.000000
-42.166615 -161.213196 -79.828323   0.702709 -0.685960 -0.188837 0.000000
-42.560699 -160.994003 -80.234764   0.703374 -0.685594 -0.187684 0.000000
-42.940521 -160.754150 -80.394051   0.704292 -0.684841 -0.186991 0.000000
-43.552361 -160.691895 -80.422394   0.704699 -0.684491 -0.186739 0.000000
-44.165062 -160.658554 -80.322609   0.705108 -0.684034 -0.186870 0.000000
-44.701866 -160.708847 -80.503532   0.704815 -0.684092 -0.187762 0.000000
-45.236305 -160.864380 -81.032631   0.703587 -0.685051 -0.188868 0.000000
-45.711445 -160.916687 -81.590103   0.701276 -0.687201 -0.189650 0.000000
-46.079067 -160.997360 -82.056526   0.698776 -0.689304 -0.191239 0.000000
-46.426250 -161.039383 -81.783905   0.698294 -0.689424 -0.192560 0.000000
-46.676121 -161.082474 -81.282043   0.697686 -0.689880 -0.193134 0.000000
-46.888035 -160.958878 -80.723427   0.696804 -0.690697 -0.193393 0.000000
-47.105434 -160.899567 -80.474861   0.695725 -0.691627 -0.193955 0.000000
-47.633804 -161.122620 -80.402298   0.694473 -0.692833 -0.194140 0.000000
-48.233654 -161.428024 -80.143204   0.693349 -0.693952 -0.194157 0.000000
-48.764366 -161.953766 -80.151894   0.691742 -0.695035 -0.196008 0.000000
-49.118729 -162.455460 -80.096207   0.690620 -0.695622 -0.197874 0.000000
-49.348331 -162.881104 -79.828102   0.690479 -0.695330 -0.199387 0.000000
-49.633186 -163.270660 -79.707321   0.689947 -0.695372 -0.201075 0.000000
-49.732887 -163.498322 -79.759254   0.688673 -0.696415 -0.201829 0.000000
-49.832439 -163.601639 -79.635773   0.688245 -0.696795 -0.201979 0.000000
-49.868191 -163.706223 -79.362366   0.688221 -0.696321 -0.203688 0.000000
-49.812576 -163.878220 -79.390862   0.687211 -0.696156 -0.207624 0.000000
-49.663067 -163.801514 -79.376846   0.686832 -0.695821 -0.209989 0.000000
-49.462303 -163.698761 -79.509628   0.686444 -0.695376 -0.212710 0.000000
-49.136597 -163.625305 -80.105797   0.684670 -0.696270 -0.215490 0.000000
-48.749832 -163.333694 -80.329491   0.684184 -0.695645 -0.219019 0.000000
-48.106953 -162.904648 -80.609810   0.683742 -0.694021 -0.225460 0.000000
-47.384075 -162.459183 -81.147621   0.682223 -0.693464 -0.231689 0.000000
-46.753574 -162.088501 -81.712265   0.680988 -0.693191 -0.236094 0.000000
-46.216167 -161.818100 -82.280838   0.680057 -0.692370 -0.241136 0.000000
-45.704754 -161.424377 -82.785271   0.678532 -0.691956 -0.246558 0.000000
-45.175480 -160.941925 -83.573097   0.675784 -0.692557 -0.252352 0.000000
-44.614754 -160.477219 -84.302895   0.673235 -0.692274 -0.259830 0.000000
-44.246048 -160.009995 -84.672287   0.671489 -0.691348 -0.266721 0.000000
-43.710377 -159.538757 -85.220566   0.668517 -0.691591 -0.273473 0.000000
-43.026527 -159.064560 -85.882149   0.664476 -0.691951 -0.282268 0.000000
-42.511562 -158.581635 -86.135773   0.660925 -0.690947 -0.292867 0.000000
-41.703747 -158.022354 -86.572174   0.656753 -0.689129 -0.306230 0.000000
-40.871010 -157.438309 -87.290581   0.652074 -0.688088 -0.318331 0.000000
-40.526802 -156.897537 -87.353722   0.648468 -0.686974 -0.327959 0.000000
-39.659054 -156.176926 -87.348221   0.644862 -0.685086 -0.338836 0.000000
-38.642967 -155.435989 -87.605019   0.641321 -0.681401 -0.352703 0.000000
-38.103100 -154.762863 -87.822075   0.637339 -0.678180 -0.365884 0.000000
-37.567883 -154.269974 -88.085579   0.632237 -0.676150 -0.378283 0.000000
-37.605972 -153.849045 -87.974846   0.628310 -0.674032 -0.388467 0.000000
-37.545597 -153.600281 -88.073608   0.624962 -0.672631 -0.396219 0.000000
-37.103661 -153.236115 -87.948303   0.622294 -0.671637 -0.402061 0.000000
-36.446102 -152.564728 -87.619247   0.619038 -0.671927 -0.406580 0.000000
-35.383011 -151.819916 -87.769470   0.613458 -0.673525 -0.412352 0.000000
-35.207573 -151.079178 -87.477303   0.608535 -0.674194 -0.418507 0.000000
-34.897900 -150.531479 -88.076302   0.603155 -0.675047 -0.424872 0.000000
-34.046318 -150.197342 -88.048347   0.596856 -0.678729 -0.427890 0.000000
-33.467110 -149.803528 -87.869698   0.593719 -0.680577 -0.429316 0.000000
-33.197727 -149.571167 -88.186546   0.591124 -0.681438 -0.431526 0.000000
-32.846279 -149.328766 -88.346863   0.587486 -0.685053 -0.430770 0.000000
-32.216579 -149.146576 -88.254166   0.582145 -0.689689 -0.430622 0.000000
-32.231812 -148.801956 -88.218491   0.579637 -0.691486 -0.431124 0.000000
-31.807583 -148.770508 -88.291611   0.574531 -0.695731 -0.431130 0.000000
-31.655407 -148.555801 -88.379868   0.572714 -0.698396 -0.429234 0.000000
-31.408024 -148.472824 -88.582909   0.569849 -0.702923 -0.425643 0.000000
-31.196903 -148.290909 -88.574234   0.566993 -0.708539 -0.420109 0.000000
-30.945911 -148.129593 -88.596649   0.564328 -0.714216 -0.414041 0.000000
-30.617407 -148.163239 -88.388000   0.560269 -0.720781 -0.408135 0.000000
-30.505108 -148.044846 -88.180557   0.559119 -0.726754 -0.399016 0.000000
-30.282309 -147.980743 -88.009430   0.557774 -0.733268 -0.388852 0.000000
-30.037502 -147.930527 -87.782654   0.556489 -0.738086 -0.381509 0.000000
-29.970556 -147.805496 -87.694611   0.554829 -0.741397 -0.377485 0.000000
-29.810110 -147.957092 -87.393303   0.550594 -0.746483 -0.373644 0.000000
-29.541748 -147.646515 -86.834106   0.549943 -0.750800 -0.365871 0.000000
-29.281233 -147.390671 -86.397827   0.548098 -0.754379 -0.361248 0.000000
-28.863113 -147.186783 -86.111923   0.542167 -0.759975 -0.358459 0.000000
-28.472300 -146.528931 -85.745522   0.540408 -0.763849 -0.352837 0.000000
-27.953251 -146.043335 -85.160324   0.538511 -0.767678 -0.347386 0.000000
-27.662378 -145.763351 -84.770599   0.536068 -0.770564 -0.344765 0.000000
-27.373894 -145.562271 -84.387787   0.534316 -0.774069 -0.339593 0.000000
-27.109476 -145.342590 -83.993652   0.533424 -0.777649 -0.332747 0.000000
-26.937504 -145.222702 -83.808975   0.532009 -0.780996 -0.327126 0.000000
-26.894894 -145.192032 -83.578293   0.532142 -0.783908 -0.319864 0.000000
-27.088230 -145.364777 -83.273323   0.533349 -0.786224 -0.312075 0.000000
-27.399813 -145.679443 -83.063560   0.534747 -0.788454 -0.303950 0.000000
-27.791323 -146.101273 -82.911858   0.535628 -0.790398 -0.297276 0.000000
-28.422302 -146.659348 -82.792305   0.536673 -0.791134 -0.293410 0.000000
-29.050880 -147.204010 -82.589806   0.538325 -0.792092 -0.287744 0.000000
-29.601103 -147.611359 -82.090546   0.540558 -0.793200 -0.280413 0.000000
-30.091682 -147.992569 -81.657433   0.542189 -0.794026 -0.274868 0.000000
-30.496550 -148.285538 -81.442055   0.543988 -0.794935 -0.268619 0.000000
-30.851810 -148.415756 -81.018959   0.545629 -0.796197 -0.261455 0.000000
-31.048254 -148.639008 -80.540001   0.546197 -0.797971 -0.254776 0.000000
-31.367538 -148.832672 -79.853584   0.548061 -0.798273 -0.249779 0.000000
-31.576767 -149.005646 -79.354263   0.549023 -0.799162 -0.244773 0.000000
-31.721369 -149.067108 -78.935760   0.549366 -0.800355 -0.240060 0.000000
-31.710819 -148.959076 -78.553856   0.549789 -0.801573 -0.234973 0.000000
-31.669464 -148.871078 -78.199257   0.549617 -0.802952 -0.230629 0.000000
-31.619354 -148.759949 -77.855385   0.549646 -0.804188 -0.226211 0.000000
-31.440548 -148.573776 -77.336769   0.549878 -0.805424 -0.221195 0.000000
-31.141184 -148.370926 -76.497459   0.549299 -0.807415 -0.215294 0.000000
-31.074844 -148.128540 -76.025620   0.547771 -0.808862 -0.213750 0.000000
-30.928402 -148.280151 -75.368523   0.543751 -0.812927 -0.208529 0.000000
-30.847954 -148.177643 -74.992599   0.543720 -0.814425 -0.202682 0.000000
-30.774427 -148.051117 -74.727921   0.544398 -0.815243 -0.197509 0.000000
-30.790346 -148.062149 -74.530594   0.545778 -0.815491 -0.192616 0.000000
-30.931664 -148.162491 -74.392632   0.547947 -0.815202 -0.187616 0.000000
-31.016439 -148.272476 -74.331673   0.549298 -0.815677 -0.181502 0.000000
-31.081690 -148.361526 -74.282997   0.551073 -0.815799 -0.175474 0.000000
-31.141167 -148.528549 -73.923134   0.553098 -0.815715 -0.169389 0.000000
-31.172037 -148.629898 -73.439804   0.554951 -0.815741 -0.163080 0.000000
-31.124445 -148.687027 -72.914284   0.556416 -0.816012 -0.156607 0.000000
-31.063688 -148.701645 -72.549080   0.558404 -0.816052 -0.149144 0.000000
-31.209984 -148.783325 -72.480377   0.560609 -0.815607 -0.143190 0.000000
-31.207237 -148.863770 -72.555710   0.562174 -0.815436 -0.137931 0.000000
-31.146584 -148.935242 -72.862610   0.563576 -0.815329 -0.132745 0.000000
-31.138546 -149.121597 -73.464844   0.565426 -0.814790 -0.128105 0.000000
-30.971407 -149.312180 -74.204308   0.567480 -0.814190 -0.122724 0.000000
-30.763752 -149.426071 -74.719643   0.570141 -0.813274 -0.116296 0.000000
-30.185036 -149.199982 -75.159409   0.573220 -0.812227 -0.108196 0.000000
-29.500340 -148.990555 -75.663826   0.574896 -0.811896 -0.101580 0.000000
-29.011616 -148.902267 -76.010391   0.577093 -0.811081 -0.095446 0.000000
-28.667631 -148.765106 -76.000504   0.580069 -0.809594 -0.089877 0.000000
-27.975286 -148.541412 -76.008789   0.582671 -0.808551 -0.082094 0.000000
-27.623495 -148.549942 -76.185158   0.585661 -0.806974 -0.076119 0.000000
-27.412458 -148.694794 -76.379692   0.588639 -0.805281 -0.070893 0.000000
-27.175245 -148.904343 -76.669930   0.591197 -0.803849 -0.065668 0.000000
-27.199226 -149.196564 -77.050468   0.593632 -0.802358 -0.061830 0.000000
-27.008732 -149.400894 -77.835632   0.595734 -0.801148 -0.057121 0.000000
-26.566904 -149.446899 -78.861427   0.597246 -0.800416 -0.051304 0.000000
-25.913765 -149.270920 -80.014801   0.599137 -0.799425 -0.044211 0.000000
-24.967157 -148.914749 -81.178207   0.601351 -0.798166 -0.036165 0.000000
-24.096003 -148.688965 -82.388298   0.603417 -0.796905 -0.028812 0.000000
-23.395210 -148.623154 -83.348999   0.605219 -0.795720 -0.023225 0.000000
-22.846121 -148.640427 -83.742210   0.607147 -0.794367 -0.018802 0.000000
-22.408678 -148.631897 -83.894814   0.609644 -0.792549 -0.014155 0.000000
-22.094534 -148.575516 -83.928986   0.611833 -0.790925 -0.009878 0.000000
-21.811245 -148.488739 -84.043892   0.613092 -0.789992 -0.005627 0.000000
-21.569216 -148.427780 -84.501282   0.613760 -0.789492 -0.000956 0.000000
-21.306047 -148.350189 -85.216446   0.614652 -0.788789 0.003760 0.000000
-20.996538 -148.200882 -86.034271   0.615276 -0.788269 0.008152 0.000000
-20.621212 -148.038467 -86.771202   0.616028 -0.787627 0.012344 0.000000
-20.343075 -147.996964 -87.528763   0.617214 -0.786617 0.016751 0.000000
-20.004309 -147.994888 -88.139221   0.618703 -0.785320 0.021874 0.000000
-19.468758 -147.906281 -88.544998   0.619567 -0.784426 0.028516 0.000000
-18.786453 -147.853836 -88.983925   0.620970 -0.783106 0.033778 0.000000
-18.148422 -147.673187 -88.926178   0.623254 -0.781029 0.039345 0.000000
-17.413183 -147.517853 -89.008675   0.624423 -0.779660 0.047182 0.000000
-16.911116 -147.356705 -88.702225   0.625507 -0.778377 0.053571 0.000000
-16.375288 -147.135925 -88.772064   0.625905 -0.777676 0.058848 0.000000
-15.988126 -146.870132 -89.082268   0.625114 -0.777580 0.067837 0.000000
-15.363157 -146.499939 -89.790871   0.625708 -0.776411 0.075333 0.000000
-14.907480 -146.093216 -90.006966   0.625026 -0.775622 0.088056 0.000000
-14.521114 -146.032272 -90.327034   0.624384 -0.774980 0.097723 0.000000
-14.315999 -146.146957 -90.550644   0.624511 -0.773490 0.108167 0.000000
-14.002856 -146.279785 -90.728928   0.626001 -0.771386 0.114396 0.000000
-13.810731 -146.411484 -90.672516   0.627508 -0.769747 0.117143 0.000000
-13.517587 -146.533203 -90.797813   0.629558 -0.767418 0.121356 0.000000
-13.302726 -146.618622 -91.093895   0.631649 -0.764695 0.127521 0.000000
-13.147943 -146.653854 -91.248352   0.633529 -0.762048 0.133882 0.000000
-12.892946 -146.588760 -91.332390   0.635312 -0.759668 0.138863 0.000000
-12.679158 -146.446579 -91.392242   0.635104 -0.758005 0.148566 0.000000
-12.279286 -146.336960 -91.404610   0.635392 -0.755860 0.157964 0.000000
-12.022755 -146.095596 -91.352859   0.635756 -0.754225 0.164194 0.000000
-11.825551 -145.944290 -91.446861   0.635418 -0.753392 0.169245 0.000000
-11.879880 -145.895905 -91.503265   0.636290 -0.751292 0.175200 0.000000
-11.902088 -145.825668 -91.256340   0.638825 -0.747905 0.180391 0.000000
-11.961377 -145.716766 -91.327507   0.641012 -0.745101 0.184194 0.000000
-12.015334 -145.780716 -91.843430   0.642919 -0.742678 0.187307 0.000000
-12.290641 -145.952011 -92.461227   0.644792 -0.740292 0.190292 0.000000
-12.609223 -146.241547 -93.067337   0.646195 -0.737816 0.195089 0.000000
-12.934026 -146.423126 -93.465324   0.646196 -0.735481 0.203713 0.000000
-13.215361 -146.784790 -94.360313   0.646953 -0.733541 0.208252 0.000000
-13.619112 -147.072205 -94.835190   0.648041 -0.731468 0.212127 0.000000
-13.868581 -147.302429 -95.368080   0.648731 -0.729414 0.217032 0.000000
-14.031390 -147.513458 -95.792488   0.649966 -0.726670 0.222476 0.000000
-14.150881 -147.683014 -96.076736   0.651472 -0.723855 0.227195 0.000000
-14.256011 -147.902985 -96.519745   0.652472 -0.721786 0.230880 0.000000
-14.256359 -148.018661 -96.889381   0.653752 -0.719788 0.233480 0.000000
-14.091612 -147.979401 -97.158318   0.655397 -0.717024 0.237343 0.000000
-13.853378 -147.721954 -97.119392   0.655819 -0.713969 0.245256 0.000000
-13.477751 -147.460251 -97.177795   0.657129 -0.711175 0.249824 0.000000
-13.222401 -147.154617 -97.023659   0.658931 -0.708548 0.252526 0.000000
-12.943730 -146.829346 -96.803040   0.661195 -0.705648 0.254719 0.000000
-12.771087 -146.537064 -96.484192   0.663663 -0.702333 0.257448 0.000000
-12.595952 -146.183853 -95.980522   0.666391 -0.698600 0.260540 0.000000
-12.343987 -145.811859 -95.656685   0.668953 -0.695129 0.263244 0.000000
-12.079421 -145.376434 -95.288193   0.671956 -0.691718 0.264579 0.000000
-11.920526 -144.996857 -95.034546   0.675191 -0.688221 0.265460 0.000000
-11.819805 -144.669113 -94.841919   0.678417 -0.684791 0.266104 0.000000
-11.865294 -144.505356 -94.726410   0.680643 -0.682653 0.265913 0.000000
-11.875577 -144.328690 -94.490128   0.682692 -0.680834 0.265322 0.000000
-12.067809 -144.269989 -94.439201   0.684517 -0.679697 0.263530 0.000000
-12.278846 -144.279510 -94.356491   0.685985 -0.678908 0.261742 0.000000
-12.473792 -144.219025 -94.272018   0.687126 -0.678053 0.260965 0.000000
-12.526825 -144.003204 -94.156654   0.688731 -0.676670 0.260320 0.000000
-12.638249 -143.743042 -94.053841   0.690788 -0.674810 0.259699 0.000000
-12.905461 -143.535278 -93.980507   0.692578 -0.673232 0.259026 0.000000
-13.104132 -143.231583 -93.997208   0.694777 -0.671016 0.258888 0.000000
-13.373182 -142.943512 -94.033012   0.696739 -0.669019 0.258784 0.000000
-13.532516 -142.543655 -94.016075   0.698178 -0.667620 0.258517 0.000000
-13.601325 -142.048325 -94.022934   0.699815 -0.666036 0.258175 0.000000
-13.552423 -141.477448 -93.965805   0.702007 -0.663639 0.258398 0.000000
-13.478125 -140.997177 -93.792633   0.703689 -0.661663 0.258889 0.000000
-13.401409 -140.664597 -93.525520   0.705188 -0.660295 0.258301 0.000000
-13.311036 -140.390152 -93.375031   0.707070 -0.658286 0.258284 0.000000
-13.193008 -140.150681 -93.231804   0.709339 -0.655466 0.259236 0.000000
-12.940635 -139.865128 -93.084625   0.711513 -0.652837 0.259911 0.000000
-12.763987 -139.648407 -92.974060   0.713110 -0.650700 0.260888 0.000000
-12.535379 -139.395981 -92.781609   0.714660 -0.648652 0.261748 0.000000
-12.329210 -139.210693 -92.694458   0.716314 -0.646547 0.262432 0.000000
-12.254481 -139.106934 -92.691261   0.717907 -0.644433 0.263279 0.000000
-12.117952 -138.985641 -92.742249   0.719009 -0.642880 0.264067 0.000000
-12.038382 -138.908264 -92.680756   0.719549 -0.641930 0.264905 0.000000
-11.911395 -138.831696 -92.605034   0.720313 -0.641071 0.264909 0.000000
-11.812326 -138.830704 -92.661972   0.720785 -0.640430 0.265175 0.000000
-11.795331 -138.835907 -92.542236   0.720898 -0.640184 0.265464 0.000000
-11.664299 -138.733383 -92.495949   0.720737 -0.640374 0.265443 0.000000
-11.610992 -138.665787 -92.357964   0.720127 -0.641035 0.265502 0.000000
-11.558009 -138.601379 -92.220184   0.719317 -0.641745 0.265982 0.000000
-11.517084 -138.534760 -92.139931   0.718081 -0.642904 0.266525 0.000000
-11.481167 -138.485489 -92.005127   0.716226 -0.644791 0.266954 0.000000
-11.455559 -138.432205 -91.803154   0.713715 -0.646976 0.268389 0.000000
-11.413844 -138.389465 -91.609047   0.710529 -0.649628 0.270427 0.000000
-11.250750 -138.236404 -91.247017   0.706496 -0.653237 0.272297 0.000000
-11.055811 -138.006439 -90.859215   0.701216 -0.657752 0.275061 0.000000
-10.955050 -137.977020 -90.682060   0.695018 -0.663090 0.277960 0.000000
-10.955211 -137.954147 -90.226303   0.688907 -0.668166 0.281003 0.000000
-10.847875 -137.961395 -90.090729   0.683250 -0.673546 0.281968 0.000000
-10.901649 -138.099121 -89.743568   0.677473 -0.678842 0.283202 0.000000
-10.957873 -138.284164 -89.428543   0.673096 -0.682804 0.284112 0.000000
-10.833766 -138.303619 -89.023964   0.667827 -0.687266 0.285783 0.000000
-10.872183 -138.478683 -88.643196   0.660212 -0.693616 0.288126 0.000000
-11.145075 -138.769775 -88.471474   0.651536 -0.701517 0.288749 0.000000
-11.438941 -139.040955 -88.306282   0.641293 -0.710290 0.290227 0.000000
-11.916759 -139.463364 -88.341385   0.631416 -0.718956 0.290544 0.000000
-12.242020 -139.640350 -88.262985   0.622801 -0.726495 0.290387 0.000000
-12.545070 -139.699112 -88.536964   0.612257 -0.735443 0.290285 0.000000
-13.001519 -139.926727 -88.834282   0.600519 -0.745290 0.289691 0.000000
-13.526411 -139.988220 -88.844345   0.589162 -0.754797 0.288392 0.000000
-13.973459 -140.231430 -89.216805   0.577026 -0.765537 0.284594 0.000000
-14.525897 -140.643494 -89.551537   0.566245 -0.777012 0.274988 0.000000
-15.662647 -141.332626 -89.945076   0.542958 -0.802500 0.247365 0.000000
-16.338360 -141.785721 -90.328018   0.533705 -0.813557 0.230831 0.000000
-16.896341 -142.075516 -90.165909   0.525631 -0.823174 0.214700 0.000000
-17.368502 -142.425323 -90.472229   0.518451 -0.832017 0.197372 0.000000
-18.339817 -142.790421 -90.371048   0.507004 -0.846322 0.163357 0.000000
-18.739807 -142.867142 -90.181511   0.501873 -0.851878 0.149755 0.000000
-19.200449 -142.992508 -90.288780   0.496347 -0.857622 0.134625 0.000000
-19.773619 -143.285934 -90.318993   0.489009 -0.864244 0.118125 0.000000
-20.231251 -143.307388 -89.984779   0.483345 -0.869615 0.100736 0.000000
-20.616484 -143.276413 -89.502296   0.477863 -0.874368 0.084428 0.000000
-21.108608 -143.403687 -89.320824   0.471254 -0.879464 0.066809 0.000000
-21.590939 -143.573669 -89.293602   0.464837 -0.884112 0.047681 0.000000
-22.276478 -143.914017 -89.218185   0.458409 -0.888357 0.026154 0.000000
-22.966908 -144.256927 -89.379921   0.453072 -0.891452 0.006293 0.000000
-23.403334 -144.335709 -89.771446   0.448893 -0.893530 -0.009951 0.000000
-23.901642 -144.451218 -89.786362   0.444125 -0.895502 -0.028814 0.000000
-24.618868 -144.866119 -89.665237   0.440075 -0.896587 -0.049662 0.000000
-25.160931 -145.149139 -89.891350   0.439295 -0.896002 -0.064811 0.000000
-25.580143 -145.377670 -90.004875   0.438299 -0.895378 -0.078698 0.000000
-26.051224 -145.686508 -90.391510   0.436658 -0.894640 -0.094600 0.000000
-26.528067 -146.036163 -91.003937   0.435385 -0.893657 -0.108708 0.000000
-27.036352 -146.410080 -91.417290   0.434489 -0.892119 -0.123865 0.000000
-27.689598 -146.918365 -91.679916   0.432586 -0.889891 -0.144784 0.000000
-28.317932 -147.475372 -92.271538   0.430598 -0.887235 -0.165528 0.000000
-28.825611 -147.891922 -92.663391   0.429718 -0.883819 -0.184948 0.000000
-29.187918 -148.143799 -92.637070   0.428383 -0.880378 -0.203524 0.000000
-29.374212 -148.285172 -92.450668   0.427057 -0.876659 -0.221566 0.000000
-29.604940 -148.476959 -92.275803   0.425686 -0.872559 -0.239653 0.000000
-29.879961 -148.705460 -91.974197   0.424671 -0.867681 -0.258425 0.000000
-30.028446 -148.818329 -91.574348   0.423524 -0.861623 -0.279701 0.000000
-30.189386 -148.786911 -91.087593   0.422183 -0.854647 -0.302226 0.000000
-30.431299 -148.782043 -90.843185   0.421413 -0.847731 -0.322125 0.000000
-30.457012 -148.708908 -90.735016   0.422056 -0.841502 -0.337259 0.000000
-30.855953 -148.860596 -90.502701   0.423678 -0.830478 -0.361667 0.000000
-31.193983 -148.937363 -90.218704   0.427517 -0.818733 -0.383283 0.000000
-31.218195 -148.769180 -89.892693   0.431834 -0.810687 -0.395356 0.000000
-31.487040 -148.794434 -89.428467   0.436007 -0.801247 -0.409758 0.000000
-31.847004 -148.964386 -88.709938   0.440625 -0.792567 -0.421530 0.000000
-32.023899 -149.105362 -87.800941   0.445874 -0.784508 -0.430979 0.000000
-32.341122 -149.122559 -87.042648   0.450108 -0.775243 -0.443173 0.000000
-32.367161 -148.916534 -86.601250   0.454297 -0.768474 -0.450625 0.000000
-32.440037 -148.744553 -86.097168   0.458603 -0.761623 -0.457837 0.000000
-32.513939 -148.493698 -85.292862   0.463672 -0.755653 -0.462597 0.000000
-32.657364 -148.246811 -84.420830   0.468470 -0.749479 -0.467779 0.000000
-32.643238 -147.872055 -83.745331   0.473094 -0.744355 -0.471294 0.000000
-32.551224 -147.324844 -82.846710   0.478090 -0.740324 -0.472600 0.000000
-32.571392 -146.895996 -81.929947   0.483490 -0.735527 -0.474592 0.000000
-32.469593 -146.468002 -80.968224   0.489728 -0.731517 -0.474394 0.000000
-32.261337 -145.927460 -79.726509   0.496858 -0.727838 -0.472635 0.000000
-32.034168 -145.407303 -78.415070   0.502702 -0.725313 -0.470333 0.000000
-31.686155 -144.987625 -77.793343   0.506930 -0.724711 -0.466708 0.000000
-31.288578 -144.628265 -76.848114   0.512420 -0.723529 -0.462528 0.000000
-31.067381 -144.311829 -75.755287   0.518385 -0.721124 -0.459626 0.000000
-30.675911 -143.931671 -74.785393   0.523886 -0.720615 -0.454156 0.000000
-30.300257 -143.523804 -73.884827   0.530999 -0.718008 -0.450005 0.000000
-29.991327 -143.041885 -72.965874   0.538776 -0.715522 -0.444690 0.000000
-29.852587 -142.794540 -72.256935   0.546072 -0.713210 -0.439473 0.000000
-29.764877 -142.656494 -71.592834   0.552477 -0.712061 -0.433289 0.000000
-29.621794 -142.441055 -70.934357   0.558640 -0.711134 -0.426861 0.000000
-29.371525 -142.171555 -70.166618   0.564496 -0.711090 -0.419159 0.000000
-29.045214 -141.949722 -69.549911   0.570822 -0.710979 -0.410695 0.000000
-28.804722 -141.748047 -69.090652   0.576784 -0.710534 -0.403064 0.000000
-28.419044 -141.438416 -68.619644   0.581692 -0.710527 -0.395962 0.000000
-28.044220 -141.031937 -68.102142   0.586619 -0.710087 -0.389430 0.000000
-27.640589 -140.608994 -67.797394   0.590784 -0.710578 -0.382169 0.000000
-27.270422 -140.193924 -67.337723   0.595191 -0.710475 -0.375463 0.000000
-26.921169 -139.643204 -67.178688   0.598323 -0.710688 -0.370043 0.000000
-26.461100 -139.046814 -67.303909   0.600488 -0.711474 -0.364992 0.000000
-26.153954 -138.506439 -67.750351   0.603243 -0.711308 -0.360747 0.000000
-25.830374 -138.068329 -68.217827   0.606026 -0.710744 -0.357177 0.000000
-25.562479 -137.609482 -68.852875   0.608284 -0.709189 -0.356428 0.000000
-25.222036 -137.181396 -69.444565   0.611073 -0.706620 -0.356761 0.000000
-24.843256 -137.000824 -69.221992   0.614833 -0.703128 -0.357199 0.000000
-24.340105 -136.893539 -68.669556   0.617811 -0.702446 -0.353382 0.000000
-23.914267 -136.940231 -68.279320   0.620532 -0.701825 -0.349831 0.000000
-23.351866 -136.936707 -67.577942   0.623316 -0.702027 -0.344435 0.000000
-22.861710 -136.922653 -67.024040   0.626148 -0.700691 -0.342010 0.000000
-22.385508 -136.877243 -66.581421   0.627561 -0.699952 -0.340930 0.000000
-21.782898 -136.821594 -65.973129   0.628917 -0.699300 -0.339769 0.000000
-21.074451 -136.590973 -65.174416   0.631271 -0.698847 -0.336318 0.000000
-20.537048 -136.346436 -64.873108   0.632211 -0.699173 -0.333866 0.000000
-20.142588 -136.164276 -65.129021   0.631806 -0.699803 -0.333313 0.000000
-19.628338 -135.990662 -65.304436   0.632838 -0.700469 -0.329937 0.000000
-19.133083 -135.828781 -65.231270   0.634830 -0.700596 -0.325815 0.000000
-18.719423 -135.624207 -65.320518   0.636481 -0.700994 -0.321713 0.000000
-18.458679 -135.451981 -65.616203   0.637680 -0.701914 -0.317303 0.000000
-18.198050 -135.308533 -65.866798   0.639342 -0.702381 -0.312894 0.000000
-17.890968 -135.173782 -66.062355   0.641167 -0.702675 -0.308468 0.000000
-17.522682 -134.969513 -66.116386   0.643439 -0.702861 -0.303269 0.000000
-16.992546 -134.710892 -66.055298   0.645254 -0.703249 -0.298478 0.000000
-16.372133 -134.374878 -66.049408   0.647038 -0.703320 -0.294419 0.000000
-15.811885 -133.986053 -66.038231   0.649126 -0.703294 -0.289850 0.000000
-15.189020 -133.592651 -65.996353   0.651017 -0.704300 -0.283088 0.000000
-14.632044 -133.225967 -65.904167   0.655010 -0.703755 -0.275121 0.000000
-14.135117 -132.992630 -65.492332   0.658825 -0.703470 -0.266608 0.000000
-13.775970 -132.818024 -65.071960   0.661033 -0.703977 -0.259714 0.000000
-13.467038 -132.571320 -64.646217   0.662678 -0.704921 -0.252873 0.000000
-13.196442 -132.208572 -64.613007   0.662896 -0.706603 -0.247551 0.000000
-13.050601 -131.826599 -64.603813   0.662457 -0.708006 -0.244701 0.000000
-12.971330 -131.439758 -64.550774   0.662048 -0.708992 -0.242945 0.000000
-12.871956 -130.930511 -64.620773   0.661710 -0.710099 -0.240624 0.000000
-12.715664 -130.376389 -64.909172   0.660856 -0.711579 -0.238588 0.000000
-12.672371 -129.895782 -65.121399   0.660334 -0.712601 -0.236978 0.000000
-12.629037 -129.563324 -65.346184   0.660123 -0.713523 -0.234780 0.000000
-12.679765 -129.371277 -65.778458   0.660245 -0.713615 -0.234157 0.000000
-12.758089 -129.274094 -66.435791   0.659608 -0.714445 -0.233421 0.000000
-12.831137 -129.219818 -67.100777   0.659269 -0.714980 -0.232740 0.000000
-12.853686 -129.160599 -67.667168   0.659337 -0.715273 -0.231645 0.000000
-13.023044 -129.140167 -68.443184   0.657644 -0.716501 -0.232658 0.000000
-13.510522 -129.277344 -69.170715   0.655980 -0.717092 -0.235518 0.000000
-13.879846 -129.420349 -69.520500   0.655434 -0.717363 -0.236212 0.000000
-14.045093 -129.464005 -69.608475   0.655435 -0.717625 -0.235412 0.000000
-14.198830 -129.539825 -69.768196   0.655003 -0.717833 -0.235981 0.000000
-14.274841 -129.639938 -69.865746   0.654706 -0.718170 -0.235779 0.000000
-14.269520 -129.708862 -69.729782   0.654944 -0.718199 -0.235029 0.000000
-14.290094 -129.732132 -69.871323   0.654241 -0.718830 -0.235059 0.000000
-14.205003 -129.713989 -70.046021   0.653355 -0.719910 -0.234213 0.000000
-14.114241 -129.663757 -69.839096   0.653251 -0.720334 -0.233199 0.000000
-14.004418 -129.528290 -69.960548   0.652266 -0.721269 -0.233066 0.000000
-13.929528 -129.370651 -70.086166   0.651515 -0.722049 -0.232751 0.000000
-13.924777 -129.256683 -70.168854   0.651181 -0.722338 -0.232789 0.000000
-14.019580 -129.219879 -70.469315   0.650859 -0.722052 -0.234569 0.000000
-14.013844 -129.153580 -70.819962   0.649938 -0.722609 -0.235406 0.000000
-14.188073 -129.149323 -71.063881   0.649115 -0.722541 -0.237872 0.000000
-14.370607 -129.201584 -71.482819   0.648031 -0.722687 -0.240374 0.000000
-14.582422 -129.246048 -71.813377   0.647275 -0.722609 -0.242633 0.000000
-15.098372 -129.447159 -72.249809   0.646164 -0.722227 -0.246700 0.000000
-15.659970 -129.830093 -72.673096   0.644993 -0.721740 -0.251148 0.000000
-16.146896 -130.110092 -72.994202   0.643806 -0.721392 -0.255161 0.000000
-16.762276 -130.364532 -73.590523   0.641535 -0.721736 -0.259867 0.000000
-17.414200 -130.738281 -74.038620   0.639784 -0.721697 -0.264252 0.000000
-18.229677 -131.223557 -74.366974   0.638438 -0.720249 -0.271364 0.000000
-18.952339 -131.693192 -74.951096   0.635921 -0.719840 -0.278270 0.000000
-19.456579 -132.063354 -75.141869   0.634251 -0.719568 -0.282749 0.000000
-19.945866 -132.346863 -75.155731   0.633264 -0.718855 -0.286746 0.000000
-20.499825 -132.711594 -75.644180   0.630406 -0.719199 -0.292132 0.000000
-20.872580 -132.986511 -75.869606   0.628089 -0.719783 -0.295662 0.000000
-21.341864 -133.277573 -76.042084   0.626560 -0.719253 -0.300162 0.000000
-21.909130 -133.729416 -76.594040   0.624041 -0.719613 -0.304517 0.000000
-22.561085 -134.305527 -76.949219   0.622098 -0.719347 -0.309085 0.000000
-23.225330 -134.840958 -77.337448   0.619991 -0.718908 -0.314298 0.000000
-24.457964 -135.658173 -78.808159   0.614726 -0.719869 -0.322337 0.000000
-24.708750 -135.647247 -79.378899   0.612476 -0.720506 -0.325183 0.000000
-24.856218 -135.499741 -80.070747   0.610219 -0.720880 -0.328580 0.000000
-24.949383 -135.516571 -80.669525   0.608382 -0.720621 -0.332531 0.000000
-24.938568 -135.509308 -81.135735   0.606858 -0.721194 -0.334070 0.000000
-24.882198 -135.577469 -81.600349   0.605537 -0.721615 -0.335554 0.000000
-24.922760 -135.706482 -81.934998   0.603589 -0.722228 -0.337738 0.000000
-25.000467 -135.846298 -82.309662   0.602216 -0.722749 -0.339072 0.000000
-24.983120 -135.865692 -82.764679   0.601256 -0.723635 -0.338886 0.000000
-25.068323 -135.851700 -83.263344   0.599764 -0.724350 -0.340001 0.000000
-25.258432 -135.863998 -83.843208   0.597821 -0.725296 -0.341402 0.000000
-25.386324 -135.835205 -84.640602   0.595431 -0.726287 -0.343466 0.000000
-25.503252 -135.796463 -85.340225   0.592587 -0.727547 -0.345709 0.000000
-25.720493 -135.697159 -86.102509   0.589750 -0.728066 -0.349450 0.000000
-25.785101 -135.661575 -87.073570   0.586160 -0.728930 -0.353664 0.000000
-25.819269 -135.617203 -87.700508   0.583436 -0.729524 -0.356928 0.000000
-25.769949 -135.693222 -88.238762   0.580321 -0.730059 -0.360890 0.000000
-25.633366 -135.953659 -88.671181   0.577448 -0.730725 -0.364135 0.000000
-25.474739 -136.243439 -88.969101   0.573757 -0.732175 -0.367047 0.000000
-25.239744 -136.586258 -89.571060   0.568412 -0.734706 -0.370290 0.000000
-24.888033 -136.897217 -90.066338   0.565271 -0.736116 -0.372292 0.000000
-24.486061 -137.164322 -90.332565   0.562624 -0.736477 -0.375575 0.000000
-24.321518 -137.327271 -90.588890   0.559519 -0.737379 -0.378431 0.000000
-24.213583 -137.451843 -91.020493   0.556161 -0.739385 -0.379466 0.000000
-23.991636 -137.497513 -91.350143   0.553372 -0.739739 -0.382840 0.000000
-23.759516 -137.458679 -91.629410   0.549415 -0.740346 -0.387339 0.000000
-23.618322 -137.406174 -92.004349   0.545973 -0.741839 -0.389344 0.000000
-23.511080 -137.412262 -92.231819   0.543422 -0.742762 -0.391148 0.000000
-23.447248 -137.596680 -92.272469   0.540960 -0.742098 -0.395793 0.000000
-23.274279 -137.782471 -92.094101   0.538849 -0.743410 -0.396212 0.000000
-23.059929 -138.046066 -91.754410   0.537426 -0.744126 -0.396800 0.000000
-22.873375 -138.486130 -91.172256   0.536864 -0.743715 -0.398327 0.000000
-22.529160 -138.846283 -90.328705   0.537950 -0.744666 -0.395073 0.000000
-22.057333 -139.173615 -89.185699   0.540472 -0.745456 -0.390110 0.000000
-21.659683 -139.489792 -88.022133   0.542449 -0.745419 -0.387427 0.000000
-21.476801 -139.852570 -87.104286   0.544324 -0.745131 -0.385346 0.000000
-21.289566 -140.300476 -86.405289   0.546636 -0.745485 -0.381367 0.000000
-21.243082 -140.896881 -85.814972   0.548917 -0.746025 -0.377011 0.000000
-21.197599 -141.580734 -85.385307   0.551738 -0.746614 -0.371688 0.000000
-21.155230 -142.272354 -85.211105   0.554367 -0.747155 -0.366657 0.000000
-21.083012 -142.876144 -84.849609   0.557377 -0.748555 -0.359160 0.000000
-21.192345 -143.508957 -84.519180   0.559967 -0.749625 -0.352843 0.000000
-21.319546 -144.320770 -84.683853   0.561478 -0.749163 -0.351422 0.000000
-21.290821 -145.085815 -84.756027   0.562820 -0.748981 -0.349659 0.000000
-21.077023 -145.661530 -84.837860   0.564058 -0.750337 -0.344721 0.000000
-20.840712 -146.120331 -85.277794   0.564295 -0.752719 -0.339095 0.000000
-20.177637 -146.386353 -86.389931   0.563082 -0.757111 -0.331243 0.000000
-19.808678 -146.277252 -86.645508   0.562535 -0.758329 -0.329380 0.000000
-19.405149 -146.093018 -87.100510   0.561228 -0.759538 -0.328824 0.000000
-19.000340 -145.824173 -87.956154   0.557788 -0.762134 -0.328670 0.000000
-18.620543 -145.527145 -88.662178   0.554056 -0.763867 -0.330953 0.000000
-18.034201 -145.087097 -89.165558   0.550099 -0.766419 -0.331651 0.000000
-17.219517 -144.397980 -89.561516   0.545653 -0.771099 -0.328130 0.000000
-16.331268 -143.720520 -89.621674   0.541777 -0.775523 -0.324100 0.000000
-15.371532 -142.964539 -89.847275   0.538953 -0.779526 -0.319169 0.000000
-14.128019 -141.944778 -90.586746   0.534470 -0.784817 -0.313695 0.000000
-13.023122 -141.042084 -91.287674   0.530388 -0.789890 -0.307834 0.000000
-11.925527 -140.172928 -92.007225   0.528656 -0.793699 -0.300941 0.000000
-10.586648 -139.126007 -92.488716   0.526712 -0.797835 -0.293317 0.000000
-9.238365 -138.143021 -92.569984   0.523910 -0.802820 -0.284602 0.000000
-7.761054 -137.080231 -92.695099   0.520284 -0.809148 -0.273100 0.000000
-5.992033 -135.887726 -92.928642   0.515930 -0.815425 -0.262486 0.000000
-4.562630 -134.889008 -93.063599   0.512345 -0.820727 -0.252805 0.000000
-3.391326 -134.041367 -93.606133   0.508732 -0.826538 -0.240886 0.000000
-2.360778 -133.230255 -94.185989   0.506301 -0.831973 -0.226893 0.000000
-1.562376 -132.439789 -94.861755   0.505783 -0.835192 -0.215958 0.000000
-1.033544 -131.719086 -95.654739   0.505137 -0.838442 -0.204575 0.000000
-0.517313 -130.862930 -96.307365   0.505360 -0.841924 -0.189146 0.000000
-0.297406 -129.994720 -97.034210   0.506200 -0.843993 -0.177303 0.000000
-0.150703 -129.158203 -98.049545   0.507506 -0.844978 -0.168673 0.000000
-0.086970 -128.277649 -99.044823   0.510354 -0.845576 -0.156656 0.000000
-0.286722 -127.492752 -99.527832   0.514929 -0.844935 -0.144683 0.000000
-0.281436 -126.714607 -99.699944   0.519311 -0.845063 -0.127217 0.000000
-0.070646 -125.801712 -99.798325   0.524609 -0.844436 -0.108224 0.000000
0.198659 -124.826332 -99.782372   0.530321 -0.843068 -0.089421 0.000000
0.563396 -123.860443 -99.717537   0.536365 -0.841204 -0.068476 0.000000
1.027513 -122.790588 -99.241364   0.543874 -0.837805 -0.047786 0.000000
1.644031 -121.634819 -98.932930   0.550441 -0.834271 -0.031725 0.000000
2.029622 -120.643837 -98.929314   0.555590 -0.831230 -0.019381 0.000000
2.084021 -119.916389 -98.628166   0.562384 -0.826828 -0.008979 0.000000
2.163596 -119.310501 -98.497452   0.568020 -0.823013 -0.001577 0.000000
2.211920 -118.944519 -98.496758   0.572065 -0.820200 0.003623 0.000000
1.897560 -118.891045 -98.507576   0.577122 -0.816583 0.011101 0.000000
1.705872 -118.754257 -98.392105   0.583222 -0.812094 0.018857 0.000000
1.671007 -118.616737 -98.266403   0.587377 -0.808939 0.024590 0.000000
1.396857 -118.547867 -98.145996   0.591839 -0.805521 0.029368 0.000000
0.957668 -118.619347 -98.141792   0.595978 -0.802284 0.033936 0.000000
0.322575 -118.823051 -98.171684   0.599355 -0.799620 0.037175 0.000000
-0.199628 -118.954453 -98.191971   0.603260 -0.796476 0.041288 0.000000
-0.894062 -119.100533 -98.209595   0.606130 -0.794071 0.045364 0.000000
-1.703092 -119.485725 -98.113846   0.609097 -0.791550 0.049479 0.000000
-2.527921 -119.821831 -97.917633   0.614213 -0.787303 0.053815 0.000000
-2.974223 -119.981056 -97.413368   0.618861 -0.783273 0.059111 0.000000
-3.393605 -120.141296 -96.995895   0.623427 -0.779322 0.063210 0.000000
-4.096755 -120.440430 -97.057655   0.627104 -0.776185 0.065399 0.000000
-4.671238 -120.785378 -96.987434   0.629316 -0.774284 0.066676 0.000000
-5.231812 -121.167191 -96.647491   0.630868 -0.772651 0.070831 0.000000
-5.733630 -121.431526 -96.172333   0.631855 -0.771362 0.075891 0.000000
-5.860101 -121.483124 -95.968849   0.632569 -0.770268 0.080887 0.000000
-6.032701 -121.434128 -95.768257   0.633457 -0.769235 0.083723 0.000000
-6.169672 -121.312050 -95.741859   0.633428 -0.769136 0.084845 0.000000
-6.387544 -121.243561 -96.279228   0.632623 -0.769823 0.084626 0.000000
-6.727882 -121.141228 -96.755356   0.633104 -0.769535 0.083644 0.000000
-7.014012 -120.923180 -97.365280   0.633552 -0.769219 0.083151 0.000000
-7.003535 -120.569427 -98.061783   0.634087 -0.768975 0.081306 0.000000
-6.949620 -120.099457 -98.734795   0.634732 -0.768624 0.079577 0.000000
-6.838393 -119.650810 -99.090332   0.636470 -0.767020 0.081156 0.000000
-6.954480 -119.368423 -99.169304   0.640270 -0.763534 0.084091 0.000000
-6.733748 -118.985504 -99.153580   0.644518 -0.759524 0.087858 0.000000
-6.383034 -118.410713 -99.082489   0.648433 -0.755590 0.092832 0.000000
-5.665653 -117.612213 -98.634117   0.651766 -0.752196 0.096965 0.000000
-4.825979 -116.837288 -98.129372   0.654879 -0.749243 0.098835 0.000000
-4.450933 -116.482468 -97.913422   0.659127 -0.745401 0.099645 0.000000
-4.173661 -116.311852 -97.347130   0.662380 -0.742614 0.098878 0.000000
-4.048826 -116.263969 -96.338615   0.660574 -0.743788 0.102088 0.000000
-4.082338 -116.653877 -97.123314   0.656985 -0.746230 0.107290 0.000000
-4.245133 -116.986015 -97.542488   0.657563 -0.745537 0.108562 0.000000
-4.261392 -117.365265 -97.671295   0.660528 -0.742957 0.108251 0.000000
-4.517505 -117.686234 -97.869827   0.662965 -0.739920 0.113999 0.000000
-4.753936 -118.137024 -98.092430   0.664171 -0.738007 0.119260 0.000000
-4.989827 -118.495415 -98.173737   0.665246 -0.736388 0.123207 0.000000
-5.250058 -118.690643 -98.548508   0.665687 -0.735406 0.126645 0.000000
-5.330744 -118.696716 -98.633423   0.665519 -0.734951 0.130121 0.000000
-5.298748 -118.518982 -98.475525   0.665116 -0.734434 0.135006 0.000000
-5.263889 -118.272942 -98.516747   0.665664 -0.733294 0.138462 0.000000
-5.171927 -118.015518 -98.648262   0.666856 -0.731667 0.141304 0.000000
-5.069239 -117.705780 -98.760849   0.668431 -0.730162 0.141645 0.000000
-5.078771 -117.468193 -98.952148   0.670427 -0.728214 0.142240 0.000000
-5.111791 -117.231125 -99.187157   0.672651 -0.726293 0.141558 0.000000
-5.037308 -116.895164 -99.429672   0.673694 -0.724912 0.143661 0.000000
-5.035640 -116.669281 -99.721115   0.674476 -0.723730 0.145937 0.000000
-5.075097 -116.442398 -100.092278   0.674902 -0.723192 0.146630 0.000000
-5.097933 -116.296738 -100.365265   0.674857 -0.722711 0.149188 0.000000
-5.251538 -116.257774 -100.832756   0.675710 -0.721912 0.149194 0.000000
-5.269174 -116.358162 -100.849014   0.676273 -0.722079 0.145799 0.000000
-5.638350 -116.627472 -100.718781   0.676277 -0.722357 0.144399 0.000000
-6.094366 -116.927460 -101.004181   0.676971 -0.722177 0.142021 0.000000
-6.231822 -117.196480 -101.270500   0.677368 -0.722494 0.138470 0.000000
-6.493125 -117.464157 -101.442352   0.677415 -0.722760 0.136847 0.000000
-6.744026 -117.725754 -101.332672   0.677658 -0.722400 0.137543 0.000000
-6.944146 -118.040115 -101.035767   0.678787 -0.720995 0.139333 0.000000
-7.157331 -118.420982 -100.770798   0.679894 -0.720290 0.137577 0.000000
-7.342887 -118.768204 -99.913689   0.678771 -0.721623 0.136128 0.000000
-7.582704 -119.127914 -99.448257   0.677155 -0.723308 0.135225 0.000000
-7.887726 -119.454330 -98.560806   0.677042 -0.723766 0.133333 0.000000
-8.299165 -119.796745 -98.029327   0.677566 -0.723332 0.133023 0.000000
-8.766212 -120.072304 -97.152847   0.677409 -0.723585 0.132443 0.000000
-9.002090 -120.294647 -96.313095   0.677549 -0.723964 0.129627 0.000000
-9.360805 -120.504379 -95.774879   0.679061 -0.723185 0.126012 0.000000
-9.773521 -120.740036 -95.255493   0.681097 -0.721879 0.122462 0.000000
-10.181000 -120.907730 -94.572357   0.682170 -0.721140 0.120831 0.000000
-10.554917 -121.099953 -93.776550   0.682897 -0.720841 0.118490 0.000000
-11.231503 -121.323204 -93.648796   0.682869 -0.721077 0.117211 0.000000
-11.791390 -121.503967 -93.856026   0.683074 -0.721461 0.113591 0.000000
-12.311332 -121.606293 -94.127640   0.683392 -0.721724 0.109955 0.000000
-12.912031 -121.724640 -94.060974   0.683366 -0.721889 0.109031 0.000000
-13.451798 -121.838943 -93.968323   0.683942 -0.721459 0.108263 0.000000
-13.835933 -121.998962 -93.959366   0.685027 -0.720491 0.107847 0.000000
-14.151632 -122.043938 -93.616486   0.685259 -0.720484 0.106415 0.000000
-14.287724 -122.020912 -93.447517   0.684970 -0.721024 0.104599 0.000000
-14.437834 -122.009102 -93.611526   0.685355 -0.721307 0.100021 0.000000
-14.553806 -121.952545 -93.401024   0.684758 -0.722295 0.096936 0.000000
-14.743116 -121.982719 -93.263161   0.684350 -0.722831 0.095811 0.000000
-15.152159 -122.074654 -92.934586   0.684911 -0.722533 0.094039 0.000000
-15.615443 -122.132843 -92.724472   0.685480 -0.722197 0.092454 0.000000
-15.907952 -122.124290 -92.864571   0.686679 -0.721516 0.088801 0.000000
-16.075468 -121.957901 -92.946747   0.688486 -0.720248 0.085024 0.000000
-16.142532 -121.673096 -93.226830   0.690548 -0.718528 0.082825 0.000000
-16.195503 -121.318001 -93.321915   0.691646 -0.717750 0.080379 0.000000
-16.101805 -120.953293 -93.382904   0.692430 -0.717184 0.078665 0.000000
-16.191854 -120.645027 -93.095299   0.693565 -0.715956 0.079839 0.000000
-16.219770 -120.394272 -92.399162   0.693919 -0.715487 0.080958 0.000000
-16.222006 -120.214455 -91.583168   0.693610 -0.715692 0.081797 0.000000
-16.373104 -120.100761 -91.058922   0.693813 -0.715403 0.082596 0.000000
-16.254107 -119.861443 -89.953835   0.694104 -0.715005 0.083592 0.000000
-16.090740 -119.664833 -89.336304   0.695568 -0.713598 0.083445 0.000000
-15.924588 -119.489189 -88.962021   0.697678 -0.711732 0.081748 0.000000
-15.685987 -119.304749 -88.168907   0.698706 -0.710717 0.081798 0.000000
-15.609929 -119.237984 -87.935547   0.700379 -0.709158 0.081017 0.000000
-15.657377 -119.189774 -87.461723   0.701059 -0.708695 0.079168 0.000000
-15.728406 -119.215553 -87.146591   0.701322 -0.708662 0.077110 0.000000
-16.106474 -119.355316 -87.081284   0.702354 -0.707904 0.074638 0.000000
-16.608315 -119.538948 -86.634323   0.702785 -0.707546 0.073974 0.000000
-17.003996 -119.712257 -86.735176   0.704192 -0.706140 0.074025 0.000000
-17.410254 -119.825569 -86.954590   0.706350 -0.704069 0.073184 0.000000
-17.524498 -119.826347 -86.938805   0.708393 -0.702017 0.073156 0.000000
-17.762445 -119.961143 -87.183617   0.709804 -0.700690 0.072190 0.000000
-18.034435 -120.127724 -87.147758   0.710395 -0.700242 0.070708 0.000000
-18.240013 -120.279144 -87.163559   0.710256 -0.700496 0.069585 0.000000
-18.405972 -120.343788 -87.313766   0.710870 -0.699974 0.068560 0.000000
-18.610008 -120.410805 -87.534134   0.712087 -0.698815 0.067742 0.000000
-18.973465 -120.551094 -87.596542   0.713155 -0.697814 0.066824 0.000000
-19.108810 -120.531990 -87.712959   0.714256 -0.696691 0.066777 0.000000
-19.239902 -120.486595 -87.791824   0.714565 -0.696431 0.066190 0.000000
-19.372435 -120.428726 -87.831314   0.714447 -0.696539 0.066321 0.000000
-19.363762 -120.353340 -87.917480   0.714781 -0.696257 0.065685 0.000000
-19.443947 -120.300529 -87.907814   0.714889 -0.696134 0.065818 0.000000
-19.581015 -120.265663 -87.893051   0.714940 -0.696086 0.065767 0.000000
-19.627367 -120.215546 -88.038963   0.715232 -0.695744 0.066208 0.000000
-19.652645 -120.150978 -88.180595   0.715290 -0.695639 0.066679 0.000000
-19.695053 -120.155243 -88.365631   0.715171 -0.695786 0.066418 0.000000
-19.868792 -120.223244 -88.400734   0.714807 -0.696212 0.065873 0.000000
-19.891556 -120.265556 -88.293732   0.714417 -0.696611 0.065889 0.000000
-19.916052 -120.288818 -88.537590   0.714667 -0.696258 0.066903 0.000000
-19.845875 -120.295746 -88.768501   0.715262 -0.695511 0.068302 0.000000
-19.923950 -120.373840 -88.897896   0.715716 -0.694845 0.070289 0.000000
-20.040154 -120.448334 -89.036179   0.716421 -0.694026 0.071196 0.000000
-20.093384 -120.520348 -89.308014   0.716925 -0.693563 0.070630 0.000000
-20.303169 -120.587166 -89.548279   0.717084 -0.693318 0.071420 0.000000
-20.483335 -120.661209 -89.831757   0.717244 -0.693054 0.072367 0.000000
-20.589788 -120.711639 -90.125816   0.717171 -0.693195 0.071742 0.000000
-20.608444 -120.706253 -90.409485   0.717288 -0.693036 0.072105 0.000000
-20.669792 -120.670143 -90.660202   0.717170 -0.693073 0.072925 0.000000
-20.730074 -120.655869 -90.746681   0.716757 -0.693492 0.072991 0.000000
-20.723463 -120.618774 -90.997810   0.716769 -0.693568 0.072143 0.000000
-20.681122 -120.544579 -90.963623   0.716318 -0.694084 0.071664 0.000000
-20.661173 -120.508728 -91.148026   0.715938 -0.694593 0.070520 0.000000
-20.564615 -120.435455 -91.497787   0.716189 -0.694371 0.070162 0.000000
-20.428816 -120.328850 -91.575493   0.716458 -0.694086 0.070228 0.000000
-20.386398 -120.287766 -91.789940   0.716741 -0.693894 0.069239 0.000000
-20.334768 -120.214653 -91.949509   0.716805 -0.693895 0.068560 0.000000
-20.160301 -120.036827 -92.153671   0.716562 -0.694255 0.067436 0.000000
-19.996704 -119.833397 -92.503036   0.716144 -0.695057 0.063508 0.000000
-19.787813 -119.527664 -92.773758   0.714741 -0.696852 0.059521 0.000000
-19.514492 -119.174683 -92.907471   0.712375 -0.699623 0.055222 0.000000
-19.330624 -118.884140 -93.020821   0.709771 -0.702715 0.049167 0.000000
-19.141811 -118.644356 -92.953735   0.706792 -0.706032 0.044307 0.000000
-18.896763 -118.416832 -92.800880   0.703775 -0.709387 0.038355 0.000000
-18.318939 -118.088112 -92.643349   0.700419 -0.713084 0.030398 0.000000
-17.984228 -117.979103 -92.202499   0.696633 -0.717094 0.021878 0.000000
-17.753635 -117.944450 -92.073723   0.693670 -0.720149 0.014421 0.000000
-17.145306 -117.760872 -91.918030   0.690386 -0.723393 0.008388 0.000000
-16.506912 -117.480545 -91.515976   0.686268 -0.727344 0.002537 0.000000
-16.116505 -117.347023 -91.582291   0.682064 -0.731291 -0.001277 0.000000
-15.799564 -117.290428 -91.708443   0.677795 -0.735238 -0.004343 0.000000
-15.222783 -117.174210 -91.791832   0.673568 -0.739106 -0.005248 0.000000
-14.771493 -116.973480 -91.880371   0.669054 -0.743186 -0.006451 0.000000
-14.391097 -116.909698 -92.404549   0.662923 -0.748641 -0.008362 0.000000
-14.156615 -116.985573 -92.982277   0.656012 -0.754677 -0.010552 0.000000
-14.000344 -117.103355 -93.555244   0.649813 -0.759979 -0.013245 0.000000
-13.711141 -117.252266 -94.146538   0.644761 -0.764240 -0.014865 0.000000
-13.553028 -117.500076 -94.699776   0.640085 -0.768100 -0.017708 0.000000
-13.590306 -117.893707 -95.402824   0.634369 -0.772715 -0.022095 0.000000
-13.507051 -118.264153 -96.021355   0.627933 -0.777855 -0.025339 0.000000
-13.434427 -118.708382 -96.638519   0.622029 -0.782398 -0.030534 0.000000
-13.266745 -119.167618 -97.128685   0.616841 -0.786245 -0.036421 0.000000
-13.258007 -119.750824 -97.569191   0.611701 -0.789900 -0.043353 0.000000
-13.115609 -120.338112 -97.909012   0.606705 -0.793392 -0.049372 0.000000
-12.991393 -121.040985 -98.262459   0.601805 -0.796765 -0.054744 0.000000
-12.733442 -121.785629 -98.433632   0.598295 -0.799075 -0.059345 0.000000
-12.371415 -122.448959 -98.568871   0.594986 -0.801146 -0.064471 0.000000
-12.013322 -123.042976 -98.753799   0.591543 -0.803344 -0.068668 0.000000
-11.654813 -123.599159 -99.004173   0.588937 -0.804962 -0.072038 0.000000
-11.264750 -124.018822 -99.198936   0.586665 -0.806383 -0.074641 0.000000
-11.055639 -124.418457 -99.396423   0.584276 -0.807744 -0.078560 0.000000
-10.827191 -124.817955 -99.928932   0.582585 -0.808498 -0.083216 0.000000
-10.584743 -125.301842 -100.520378   0.580880 -0.809269 -0.087531 0.000000
-10.428799 -125.894577 -100.839043   0.579207 -0.809964 -0.092068 0.000000
-10.254623 -126.605072 -101.044739   0.577564 -0.810575 -0.096890 0.000000
-10.126966 -127.418610 -101.015938   0.575916 -0.811166 -0.101639 0.000000
-9.960299 -128.213120 -100.946648   0.574325 -0.811715 -0.106155 0.000000
-9.843045 -129.014420 -101.314178   0.572749 -0.812263 -0.110396 0.000000
-9.898972 -129.799835 -101.715004   0.571598 -0.812348 -0.115616 0.000000
-10.035300 -130.710526 -102.089706   0.570177 -0.812453 -0.121730 0.000000
-10.209458 -131.790710 -102.669327   0.568533 -0.812604 -0.128235 0.000000
-10.517035 -133.095551 -103.306755   0.566831 -0.812477 -0.136325 0.000000
-10.826399 -134.472687 -103.663910   0.565331 -0.812047 -0.144845 0.000000
-11.191011 -135.816772 -103.926674   0.564122 -0.811397 -0.152975 0.000000
-11.455382 -137.069138 -104.350395   0.563289 -0.810504 -0.160589 0.000000
-11.731220 -138.053574 -104.777451   0.563277 -0.809096 -0.167576 0.000000
-11.784709 -138.753723 -105.142471   0.563800 -0.807702 -0.172472 0.000000
-11.912238 -139.303070 -105.791908   0.564863 -0.805835 -0.177653 0.000000
-12.231735 -139.881744 -106.108978   0.565028 -0.804535 -0.182937 0.000000
-12.507325 -140.490707 -106.382614   0.565255 -0.802978 -0.188978 0.000000
-12.690703 -141.063705 -106.404999   0.566963 -0.800345 -0.194937 0.000000
-12.821190 -141.595093 -106.277252   0.569913 -0.797198 -0.199187 0.000000
-12.842171 -142.097183 -106.148148   0.573359 -0.793580 -0.203694 0.000000
-12.795361 -142.558640 -105.563255   0.575850 -0.790729 -0.207712 0.000000
-12.688761 -142.966232 -105.034256   0.579709 -0.786626 -0.212504 0.000000
-12.714498 -143.230087 -104.470947   0.584088 -0.782137 -0.217034 0.000000
-12.824585 -143.508667 -103.817978   0.587216 -0.778868 -0.220320 0.000000
-12.898489 -143.827133 -103.408043   0.590078 -0.776201 -0.222083 0.000000
-13.191652 -144.248199 -102.442459   0.592859 -0.773286 -0.224827 0.000000
-13.446203 -144.853928 -101.546677   0.594701 -0.771070 -0.227555 0.000000
-13.793239 -145.697144 -100.754860   0.597074 -0.768701 -0.229349 0.000000
-14.171059 -146.729904 -99.645012   0.600276 -0.765643 -0.231215 0.000000
-14.518350 -147.729355 -98.502388   0.603819 -0.762750 -0.231551 0.000000
-14.906615 -148.730011 -97.419998   0.607312 -0.760104 -0.231116 0.000000
-15.368903 -149.933365 -96.292358   0.610326 -0.757754 -0.230890 0.000000
-15.916202 -151.053970 -95.312828   0.614005 -0.755100 -0.229830 0.000000
-16.192289 -151.962357 -94.066887   0.617179 -0.753019 -0.228152 0.000000
-16.501781 -152.728561 -92.926277   0.619757 -0.750956 -0.227962 0.000000
-16.672287 -153.297043 -91.973618   0.621693 -0.749407 -0.227789 0.000000
-16.829554 -153.882751 -91.085037   0.622945 -0.748030 -0.228889 0.000000
-17.351362 -154.553940 -90.206383   0.624529 -0.745903 -0.231501 0.000000
-17.622353 -155.154175 -89.564812   0.625500 -0.745119 -0.231403 0.000000
-18.011110 -155.771286 -89.234894   0.625864 -0.744650 -0.231929 0.000000
-18.537664 -156.405380 -88.734825   0.626516 -0.743724 -0.233137 0.000000
-19.010229 -157.015015 -88.518448   0.627363 -0.743108 -0.232821 0.000000
-19.649334 -157.572418 -88.349823   0.628671 -0.742204 -0.232178 0.000000
-20.141329 -157.949432 -88.040863   0.630058 -0.741481 -0.230721 0.000000
-20.661043 -158.275330 -87.820305   0.631460 -0.740841 -0.228939 0.000000
-21.211834 -158.431641 -87.450920   0.634146 -0.739686 -0.225218 0.000000
-21.781874 -158.382965 -87.095879   0.637791 -0.738651 -0.218212 0.000000
-22.275352 -158.316299 -86.393074   0.642189 -0.737107 -0.210395 0.000000
-22.256586 -158.312180 -85.826317   0.646570 -0.734543 -0.205898 0.000000
-22.192545 -158.155655 -84.970573   0.650807 -0.732344 -0.200303 0.000000
-22.018797 -157.866043 -84.154053   0.655415 -0.729722 -0.194775 0.000000
-21.842691 -157.570419 -83.458115   0.659569 -0.727277 -0.189834 0.000000
-21.595898 -157.264954 -82.892548   0.662871 -0.725123 -0.186543 0.000000
-21.409531 -157.081543 -82.127831   0.665977 -0.722775 -0.184583 0.000000
-21.406551 -156.974411 -81.183754   0.669832 -0.719914 -0.181792 0.000000
-21.149372 -156.800964 -80.485802   0.673912 -0.716969 -0.178321 0.000000
-20.835320 -156.615479 -79.900932   0.678122 -0.713794 -0.175068 0.000000
-20.529097 -156.443771 -79.508537   0.683505 -0.709668 -0.170860 0.000000
-20.318882 -156.331848 -79.223373   0.688493 -0.705918 -0.166304 0.000000
-20.226040 -156.434357 -79.082039   0.692787 -0.702682 -0.162124 0.000000
-20.404163 -156.663147 -78.948051   0.696920 -0.699427 -0.158447 0.000000
-20.354315 -156.875473 -78.847862   0.700868 -0.696388 -0.154363 0.000000
-20.432058 -156.915085 -78.333817   0.705728 -0.692580 -0.149268 0.000000
-20.417192 -156.851959 -78.178711   0.709864 -0.689186 -0.145312 0.000000
-20.511866 -156.789230 -78.132469   0.713472 -0.686121 -0.142111 0.000000
-20.623495 -156.733307 -78.023735   0.717716 -0.682560 -0.137820 0.000000
-20.882551 -156.731934 -77.801407   0.722259 -0.678803 -0.132549 0.000000
-21.098600 -156.865479 -77.724182   0.726622 -0.674948 -0.128320 0.000000
-21.468439 -157.093033 -77.670456   0.731358 -0.670603 -0.124125 0.000000
-21.824062 -157.347672 -77.600655   0.736219 -0.666274 -0.118578 0.000000
-22.150551 -157.544449 -77.345619   0.740823 -0.662149 -0.112874 0.000000
-22.563761 -157.832901 -76.856544   0.745631 -0.657370 -0.109079 0.000000
-23.012587 -158.167435 -76.307533   0.750489 -0.652418 -0.105438 0.000000
-23.420986 -158.582626 -75.907051   0.754887 -0.647978 -0.101337 0.000000
-23.712807 -158.895416 -75.472237   0.759865 -0.642717 -0.097566 0.000000
-23.979786 -159.088974 -75.319466   0.763950 -0.638388 -0.094031 0.000000
-24.258381 -159.044907 -75.358337   0.767218 -0.635034 -0.090046 0.000000
-24.771309 -159.031723 -75.585762   0.770338 -0.631644 -0.087209 0.000000
-25.315769 -159.012909 -75.742813   0.773727 -0.627755 -0.085262 0.000000
-25.755663 -158.893127 -76.055611   0.775946 -0.625241 -0.083553 0.000000
-26.151127 -158.852524 -76.628708   0.777347 -0.623617 -0.082662 0.000000
-26.624483 -158.803040 -77.114868   0.779458 -0.621163 -0.081259 0.000000
-27.132036 -158.771469 -77.606667   0.781516 -0.618828 -0.079283 0.000000
-27.814535 -158.713455 -78.369087   0.781864 -0.618525 -0.078197 0.000000
-28.474672 -158.663132 -79.194016   0.781564 -0.618909 -0.078158 0.000000
-29.046164 -158.620041 -79.834480   0.782097 -0.618292 -0.077713 0.000000
-29.460714 -158.528122 -80.356232   0.782209 -0.618278 -0.076688 0.000000
-29.854813 -158.421707 -80.826035   0.781379 -0.619427 -0.075877 0.000000
-30.179565 -158.520569 -81.266739   0.780710 -0.620309 -0.075551 0.000000
-30.502586 -158.869247 -81.654915   0.779843 -0.621438 -0.075237 0.000000
-30.745417 -159.073746 -82.005066   0.778473 -0.623190 -0.074928 0.000000
-31.084772 -159.507477 -82.830795   0.777071 -0.624789 -0.076153 0.000000
-31.490553 -159.962540 -83.725876   0.775800 -0.626204 -0.077475 0.000000
-32.016434 -160.412140 -84.828278   0.773983 -0.628186 -0.079573 0.000000
-32.576038 -161.085846 -86.156105   0.771645 -0.630587 -0.083204 0.000000
-32.974564 -161.695724 -87.305664   0.769317 -0.632997 -0.086408 0.000000
-33.397812 -162.452866 -87.997284   0.767773 -0.634436 -0.089531 0.000000
-33.637852 -163.086899 -88.303452   0.766772 -0.635310 -0.091885 0.000000
-33.766258 -163.613632 -88.759712   0.764851 -0.637046 -0.095794 0.000000
-33.859360 -164.220856 -88.991737   0.763407 -0.638244 -0.099270 0.000000
-33.843807 -164.696747 -88.866783   0.762767 -0.638641 -0.101610 0.000000
-33.770004 -165.052109 -88.580025   0.762316 -0.638953 -0.103025 0.000000
-33.613415 -165.288025 -88.474174   0.761990 -0.639101 -0.104505 0.000000
-33.384541 -165.402466 -88.384277   0.761346 -0.639738 -0.105302 0.000000
-33.121262 -165.305359 -88.232819   0.761396 -0.639640 -0.105532 0.000000
-33.036243 -165.203415 -88.148834   0.761630 -0.639369 -0.105485 0.000000
-32.974663 -165.032440 -88.085419   0.761544 -0.639538 -0.105078 0.000000
-32.989136 -164.866623 -88.077705   0.761483 -0.639559 -0.105397 0.000000
-33.104397 -164.687866 -88.203354   0.761107 -0.639914 -0.105953 0.000000
-33.183929 -164.370224 -88.390533   0.760791 -0.640264 -0.106114 0.000000
-33.216164 -163.998413 -88.618347   0.760580 -0.640538 -0.105964 0.000000
-33.350082 -163.714371 -88.755760   0.760509 -0.640644 -0.105835 0.000000
-33.484348 -163.521362 -88.842880   0.760251 -0.640906 -0.106099 0.000000
-33.443588 -163.337067 -88.878006   0.759829 -0.641362 -0.106377 0.000000
-33.265945 -163.143127 -88.858696   0.759708 -0.641515 -0.106308 0.000000
-33.090878 -162.968933 -88.663284   0.759685 -0.641582 -0.106073 0.000000
-32.977600 -162.891235 -88.441605   0.759337 -0.641924 -0.106494 0.000000
-32.702732 -162.793777 -88.137688   0.758887 -0.642386 -0.106912 0.000000
-32.399742 -162.595688 -87.716797   0.758785 -0.642511 -0.106885 0.000000
-32.114407 -162.369095 -87.448135   0.758941 -0.642249 -0.107351 0.000000
-31.855814 -162.214737 -87.428780   0.758128 -0.643058 -0.108245 0.000000
-31.696192 -162.012680 -87.467659   0.756774 -0.644632 -0.108363 0.000000
-31.667189 -161.833069 -87.720291   0.754786 -0.646760 -0.109542 0.000000
-31.768139 -161.691544 -88.085739   0.751881 -0.649251 -0.114661 0.000000
-32.081997 -161.435394 -88.496834   0.748854 -0.650427 -0.127132 0.000000
-32.674820 -161.392792 -89.345833   0.746191 -0.648839 -0.149022 0.000000
-33.509228 -161.462448 -89.892029   0.745855 -0.642495 -0.175785 0.000000
-35.210766 -162.220444 -90.864868   0.738447 -0.641132 -0.208915 0.000000
-35.238472 -161.918655 -91.452415   0.720733 -0.657910 -0.218400 0.000000
-35.799591 -162.518265 -92.769150   0.704090 -0.674240 -0.222840 0.000000
-36.155693 -162.939453 -92.289352   0.693790 -0.687521 -0.214404 0.000000
-36.600529 -163.815277 -92.844765   0.681993 -0.699040 -0.215010 0.000000
-37.098919 -164.217560 -93.332977   0.671648 -0.708409 -0.216902 0.000000
-37.416630 -164.850021 -94.151413   0.663351 -0.716614 -0.215475 0.000000
-38.299202 -165.410416 -93.800194   0.654211 -0.725978 -0.212050 0.000000
-39.696735 -165.698669 -92.118217   0.644294 -0.736479 -0.206118 0.000000
-40.580177 -166.291306 -92.036415   0.638648 -0.741593 -0.205349 0.000000
-40.591587 -167.354568 -93.865601   0.636100 -0.742729 -0.209120 0.000000
-40.593884 -168.254898 -95.466423   0.634129 -0.743366 -0.212811 0.000000
-40.928513 -168.782700 -95.812820   0.629017 -0.747458 -0.213646 0.000000
-41.474995 -168.957428 -95.393181   0.623447 -0.752552 -0.212084 0.000000
-41.418598 -169.136108 -96.077103   0.620579 -0.754524 -0.213484 0.000000
-40.798256 -169.168091 -97.338821   0.619004 -0.753970 -0.219917 0.000000
-40.203037 -168.578415 -97.599937   0.616595 -0.754424 -0.225068 0.000000
-39.751247 -167.709274 -97.176918   0.614284 -0.755314 -0.228379 0.000000
-39.446732 -166.972290 -96.745354   0.613812 -0.754544 -0.232159 0.000000
-39.136570 -166.390121 -96.292389   0.615015 -0.753018 -0.233925 0.000000
-39.113426 -166.094742 -95.853027   0.617183 -0.751280 -0.233804 0.000000
-39.447163 -166.101135 -95.039459   0.618663 -0.751296 -0.229806 0.000000
-40.070953 -166.429153 -94.363060   0.620225 -0.752117 -0.222803 0.000000
-40.547920 -166.987015 -94.261772   0.621817 -0.752519 -0.216930 0.000000
-40.732265 -167.464554 -94.453384   0.622330 -0.753345 -0.212548 0.000000
-40.789101 -167.708145 -94.649719   0.622110 -0.754594 -0.208725 0.000000
-40.594444 -167.785461 -94.985626   0.620971 -0.756463 -0.205326 0.000000
-40.262547 -167.833008 -95.555664   0.619985 -0.757993 -0.202646 0.000000
-39.892601 -167.730408 -96.009903   0.619276 -0.759168 -0.200402 0.000000
-39.470245 -167.429871 -96.202927   0.617953 -0.760440 -0.199660 0.000000
-39.067635 -167.114349 -96.412315   0.616099 -0.761765 -0.200339 0.000000
-38.685257 -166.823669 -96.719337   0.614760 -0.762579 -0.201353 0.000000
-38.218426 -166.515717 -97.104462   0.613616 -0.762863 -0.203754 0.000000
-37.839561 -166.204620 -97.341454   0.612268 -0.763197 -0.206540 0.000000
-37.596092 -165.792480 -97.253807   0.611050 -0.763622 -0.208566 0.000000
-37.278313 -165.466141 -97.326698   0.609976 -0.763718 -0.211340 0.000000
-37.014706 -165.167419 -97.380211   0.609784 -0.763178 -0.213828 0.000000
-36.815964 -164.835709 -97.213242   0.609685 -0.762928 -0.215002 0.000000
-36.606079 -164.556747 -97.086571   0.609412 -0.763136 -0.215036 0.000000
-36.418144 -164.321320 -96.990112   0.609485 -0.763409 -0.213855 0.000000
-36.294128 -164.221329 -97.113640   0.609341 -0.763630 -0.213478 0.000000
-35.923008 -163.944382 -97.254234   0.608873 -0.763614 -0.214866 0.000000
-35.638966 -163.745880 -97.474419   0.607921 -0.763640 -0.217453 0.000000
-35.442539 -163.630814 -97.616623   0.607438 -0.764038 -0.217404 0.000000
-35.453403 -163.680496 -97.756767   0.607551 -0.764058 -0.217020 0.000000
-35.434170 -163.595673 -97.583290   0.607526 -0.764064 -0.217069 0.000000
-35.437454 -163.540329 -97.444771   0.607297 -0.764285 -0.216927 0.000000
-35.535519 -163.476044 -97.296356   0.607767 -0.764155 -0.216070 0.000000
-35.270332 -163.136902 -97.122795   0.607665 -0.764017 -0.216843 0.000000
-34.903202 -162.784012 -97.246155   0.607278 -0.763404 -0.220064 0.000000
-34.655296 -162.165771 -96.965485   0.607481 -0.761894 -0.224686 0.000000
-34.050591 -161.243240 -96.539711   0.606483 -0.760714 -0.231284 0.000000
-33.360661 -160.156113 -96.252899   0.604737 -0.759172 -0.240728 0.000000
-32.247410 -158.986038 -96.278923   0.602620 -0.758167 -0.249062 0.000000
-30.971895 -157.754944 -96.472855   0.601667 -0.756640 -0.255914 0.000000
-29.722313 -156.547440 -96.571121   0.601308 -0.755135 -0.261150 0.000000
-28.748371 -155.347641 -96.004517   0.601254 -0.754255 -0.263805 0.000000
-27.968424 -154.493408 -95.398415   0.601630 -0.754080 -0.263447 0.000000
-27.907488 -154.317032 -95.430702   0.603004 -0.753389 -0.262280 0.000000
-27.924580 -154.506012 -95.457733   0.604206 -0.753771 -0.258387 0.000000
-28.235558 -155.080780 -95.812752   0.605090 -0.754867 -0.253064 0.000000
-28.935076 -155.880127 -96.001480   0.606646 -0.756194 -0.245257 0.000000
-29.518396 -156.529480 -95.950684   0.608627 -0.757056 -0.237569 0.000000
-29.853556 -156.667007 -95.592834   0.610638 -0.756568 -0.233936 0.000000
-29.730158 -156.249039 -94.935364   0.611858 -0.755201 -0.235161 0.000000
-29.429281 -155.476273 -94.028107   0.614202 -0.752327 -0.238244 0.000000
-28.779327 -154.710205 -93.235817   0.618605 -0.749161 -0.236826 0.000000
-29.007792 -154.407944 -92.279274   0.625413 -0.745436 -0.230616 0.000000
