-55.103115 -62.968025 -68.400787   0.701995 -0.708302 0.074239 0.000000
-55.090115 -62.987213 -68.363625   0.701886 -0.708411 0.074234 0.000000
-55.071484 -63.007137 -68.314102   0.701756 -0.708536 0.074262 0.000000
-55.049957 -63.030552 -68.258263   0.701632 -0.708659 0.074266 0.000000
-55.016117 -63.063972 -68.193291   0.701457 -0.708831 0.074276 0.000000
-54.997570 -63.096252 -68.139221   0.701094 -0.709180 0.074372 0.000000
-54.992939 -63.121201 -68.056732   0.700662 -0.709599 0.074444 0.000000
-54.998119 -63.146072 -67.983826   0.700193 -0.710055 0.074506 0.000000
-55.055729 -63.162121 -67.536697   0.697194 -0.712959 0.074909 0.000000
-55.066833 -63.140221 -67.517937   0.697319 -0.712925 0.074059 0.000000
-55.091244 -63.155792 -67.411133   0.697025 -0.713233 0.073851 0.000000
-55.139053 -63.184441 -67.318214   0.696113 -0.714029 0.074765 0.000000
-55.153809 -63.218006 -67.126915   0.694358 -0.715588 0.076169 0.000000
-55.284531 -63.182121 -67.021278   0.692986 -0.716727 0.077928 0.000000
-55.459770 -63.157146 -66.957520   0.692058 -0.717330 0.080585 0.000000
-55.465569 -63.157635 -66.949646   0.692893 -0.716786 0.078217 0.000000
-55.387630 -63.297237 -66.954300   0.694214 -0.715833 0.075172 0.000000
-55.312283 -63.394039 -66.859467   0.695491 -0.714762 0.073535 0.000000
-55.310467 -63.379639 -66.968300   0.697068 -0.713408 0.071730 0.000000
-55.302349 -63.351547 -66.986786   0.697801 -0.712740 0.071241 0.000000
-55.324543 -63.307507 -66.949013   0.697392 -0.713016 0.072475 0.000000
-55.380116 -63.289711 -66.949516   0.696864 -0.713464 0.073141 0.000000
-55.402588 -63.231823 -66.946609   0.696451 -0.713865 0.073162 0.000000
-55.475693 -63.150627 -66.959793   0.696068 -0.714318 0.072379 0.000000
-55.585636 -63.055908 -66.952744   0.695029 -0.715487 0.070800 0.000000
-55.503689 -62.974339 -67.070236   0.694324 -0.716774 0.064418 0.000000
-55.436695 -63.030197 -66.946510   0.693403 -0.718303 0.056860 0.000000
-55.406178 -63.106033 -66.820831   0.692005 -0.720024 0.051904 0.000000
-55.365288 -63.118645 -66.825043   0.691458 -0.720856 0.047454 0.000000
-55.325016 -63.144657 -66.858223   0.691496 -0.721154 0.042069 0.000000
-55.273693 -63.143913 -66.752350   0.690699 -0.722154 0.037795 0.000000
-55.180096 -63.137093 -66.749504   0.689837 -0.723185 0.033591 0.000000
-55.149746 -63.129059 -66.763649   0.689413 -0.723807 0.028514 0.000000
-55.137466 -63.179829 -66.698845   0.688627 -0.724703 0.024467 0.000000
-55.091858 -63.252388 -66.645309   0.688546 -0.724926 0.019676 0.000000
-55.124432 -63.388111 -66.567162   0.688488 -0.725082 0.015522 0.000000
-55.133198 -63.492668 -66.550125   0.688375 -0.725250 0.012366 0.000000
-55.115711 -63.617344 -66.475868   0.688718 -0.724970 0.009249 0.000000
-55.137196 -63.753429 -66.383804   0.688986 -0.724740 0.007155 0.000000
-55.137955 -63.793758 -66.417023   0.689054 -0.724689 0.005456 0.000000
-55.119286 -63.825996 -66.385040   0.688875 -0.724870 0.003672 0.000000
-55.077381 -63.902885 -66.274109   0.688402 -0.725325 0.002488 0.000000
-55.084492 -63.947586 -66.199036   0.687904 -0.725799 0.001919 0.000000
-55.118587 -63.939285 -66.215546   0.687746 -0.725951 0.000483 0.000000
-55.186214 -63.935200 -66.139839   0.687699 -0.725995 -0.001138 0.000000
-55.208561 -63.956223 -66.124405   0.687782 -0.725915 -0.002030 0.000000
-55.198296 -64.007553 -66.094269   0.687699 -0.725992 -0.002417 0.000000
-55.158329 -64.098251 -66.030457   0.687527 -0.726156 -0.002050 0.000000
-55.179348 -64.144653 -66.018440   0.687539 -0.726146 -0.001704 0.000000
-55.215034 -64.177521 -65.976471   0.687305 -0.726368 -0.001401 0.000000
-55.177811 -64.041824 -66.101669   0.687579 -0.726109 -0.000951 0.000000
-55.189816 -64.064003 -66.066406   0.687399 -0.726279 -0.001221 0.000000
-55.200298 -64.093018 -66.032509   0.687217 -0.726451 -0.001339 0.000000
-55.203869 -64.119446 -65.997665   0.686991 -0.726665 -0.001189 0.000000
-55.206528 -64.139618 -65.971909   0.686762 -0.726881 -0.000941 0.000000
-55.206902 -64.157730 -65.949928   0.686476 -0.727152 -0.000625 0.000000
-55.228661 -64.134682 -65.884949   0.684686 -0.728837 0.001246 0.000000
-55.211506 -64.070320 -65.989311   0.684223 -0.729270 0.002349 0.000000
-55.199013 -64.043686 -66.116302   0.684070 -0.729409 0.003150 0.000000
-55.120152 -64.084908 -66.185661   0.684084 -0.729397 0.003117 0.000000
-55.191788 -64.140549 -65.997604   0.684841 -0.728691 0.001554 0.000000
-55.180283 -64.141472 -66.022499   0.684568 -0.728946 0.001914 0.000000
-55.165672 -64.139771 -66.044136   0.684351 -0.729150 0.002232 0.000000
-55.149208 -64.144188 -66.061165   0.684159 -0.729328 0.002574 0.000000
-55.134354 -64.156624 -66.073494   0.683973 -0.729502 0.002877 0.000000
-55.121113 -64.170883 -66.074875   0.683811 -0.729652 0.003178 0.000000
-55.114712 -64.191490 -66.059212   0.683719 -0.729738 0.003397 0.000000
-55.116985 -64.221085 -66.035400   0.683640 -0.729812 0.003391 0.000000
-55.122368 -64.253319 -66.000633   0.683560 -0.729887 0.003305 0.000000
-55.136955 -64.277054 -65.964020   0.683453 -0.729988 0.003285 0.000000
-55.157639 -64.295471 -65.927399   0.683381 -0.730054 0.003248 0.000000
-55.171623 -64.310875 -65.894417   0.683328 -0.730105 0.003208 0.000000
-55.188942 -64.318253 -65.867477   0.683272 -0.730157 0.003091 0.000000
-55.205185 -64.323395 -65.849625   0.683225 -0.730202 0.002883 0.000000
-55.213257 -64.329079 -65.837685   0.683179 -0.730246 0.002757 0.000000
-55.215160 -64.330437 -65.837006   0.683171 -0.730254 0.002676 0.000000
-55.210735 -64.329422 -65.853989   0.683131 -0.730291 0.002684 0.000000
-55.199299 -64.326073 -65.864716   0.683097 -0.730322 0.002944 0.000000
-55.182232 -64.316910 -65.874107   0.683071 -0.730344 0.003328 0.000000
-55.156151 -64.312492 -65.867958   0.683056 -0.730356 0.003821 0.000000
-55.130634 -64.308212 -65.857956   0.683034 -0.730373 0.004428 0.000000
-55.107410 -64.306114 -65.841461   0.683002 -0.730399 0.005058 0.000000
-55.083481 -64.306602 -65.826714   0.682994 -0.730401 0.005772 0.000000
-55.054680 -64.308746 -65.731087   0.683225 -0.730136 0.010246 0.000000
-55.078129 -64.332756 -65.769150   0.683379 -0.729974 0.011414 0.000000
-55.098843 -64.324066 -65.868523   0.683349 -0.729989 0.012305 0.000000
-55.133301 -64.270508 -65.964012   0.683451 -0.729870 0.013572 0.000000
-55.191319 -64.209610 -66.022675   0.683371 -0.729918 0.014945 0.000000
-55.277100 -64.108742 -66.173431   0.683275 -0.729966 0.016884 0.000000
-55.364944 -63.951405 -66.371925   0.683272 -0.729896 0.019789 0.000000
-55.475788 -63.775925 -66.498383   0.682906 -0.730123 0.023638 0.000000
-55.572456 -63.646927 -66.715973   0.682559 -0.730271 0.028588 0.000000
-55.614250 -63.547092 -67.003738   0.682540 -0.730098 0.033088 0.000000
-55.651272 -63.404514 -67.230751   0.682485 -0.729938 0.037476 0.000000
-55.670071 -63.349739 -67.362213   0.681856 -0.730171 0.043854 0.000000
-55.736866 -63.380390 -67.475540   0.681367 -0.730203 0.050414 0.000000
-55.851543 -63.421947 -67.620354   0.680960 -0.730106 0.056907 0.000000
-55.897453 -63.475140 -67.719307   0.680479 -0.729968 0.063999 0.000000
-55.807327 -63.585487 -67.835701   0.680060 -0.729750 0.070590 0.000000
-55.657681 -63.776134 -67.925385   0.679742 -0.729262 0.078277 0.000000
-55.544659 -64.123383 -68.010506   0.678941 -0.728905 0.087961 0.000000
-55.367584 -64.444054 -68.096962   0.678401 -0.728333 0.096448 0.000000
-55.263359 -64.792412 -68.206551   0.677864 -0.727721 0.104512 0.000000
-55.084274 -65.181007 -68.313515   0.677043 -0.726852 0.115316 0.000000
-54.750381 -65.638077 -68.111320   0.675938 -0.726028 0.126459 0.000000
-54.544651 -65.961098 -68.196754   0.675836 -0.724675 0.134506 0.000000
-54.302990 -66.239441 -68.297157   0.675818 -0.722895 0.143854 0.000000
-53.978252 -66.589706 -68.376694   0.675198 -0.720514 0.158009 0.000000
-53.521729 -66.857979 -68.478928   0.675001 -0.717270 0.172908 0.000000
-53.226326 -67.249458 -68.681412   0.673686 -0.713292 0.193292 0.000000
-52.987160 -67.827698 -68.965538   0.671401 -0.707980 0.219053 0.000000
-52.639969 -68.399925 -69.009277   0.669392 -0.701666 0.244089 0.000000
-52.415554 -68.754990 -69.146378   0.668673 -0.696424 0.260517 0.000000
-52.424095 -68.853508 -69.478798   0.668932 -0.693382 0.267863 0.000000
-52.450993 -68.866966 -69.648911   0.669259 -0.691321 0.272338 0.000000
-52.444679 -68.954712 -69.850433   0.669337 -0.688277 0.279756 0.000000
-52.366226 -69.122437 -69.927666   0.669353 -0.684830 0.288055 0.000000
-52.333286 -69.276817 -70.022095   0.669231 -0.682038 0.294880 0.000000
-52.347572 -69.410507 -70.288666   0.668442 -0.679116 0.303293 0.000000
-52.351299 -69.447105 -70.636238   0.667764 -0.675717 0.312245 0.000000
-52.331253 -69.411415 -70.805435   0.667140 -0.672918 0.319539 0.000000
-52.431431 -69.159485 -71.352592   0.667173 -0.672479 0.320394 0.000000
-52.543041 -68.770119 -71.822243   0.667985 -0.673017 0.317559 0.000000
-52.642616 -68.543098 -71.984390   0.667489 -0.672100 0.320532 0.000000
-52.669670 -68.362267 -72.112770   0.666258 -0.671194 0.324959 0.000000
-52.648670 -68.200058 -72.382721   0.664725 -0.669897 0.330726 0.000000
-52.496624 -68.330368 -72.436279   0.662886 -0.663853 0.346238 0.000000
-52.074276 -68.607368 -72.635925   0.661669 -0.657136 0.361062 0.000000
-51.686462 -68.721405 -72.873886   0.661432 -0.651746 0.371126 0.000000
-51.233143 -68.843597 -73.205322   0.661505 -0.645769 0.381307 0.000000
-50.595749 -69.090355 -73.422256   0.662131 -0.637139 0.394507 0.000000
-49.977444 -69.460236 -73.762459   0.663737 -0.626285 0.408926 0.000000
-49.411339 -69.765884 -74.014648   0.665066 -0.616969 0.420757 0.000000
-49.054787 -69.963959 -74.139839   0.667179 -0.609570 0.428131 0.000000
-48.970642 -70.131660 -74.498230   0.670809 -0.602325 0.432690 0.000000
-48.913666 -70.416122 -74.840782   0.675725 -0.593371 0.437386 0.000000
-48.922894 -70.815811 -75.197273   0.682758 -0.580499 0.443691 0.000000
-48.860039 -71.087868 -75.260788   0.688285 -0.572130 0.446017 0.000000
-48.705040 -71.121796 -75.415436   0.691306 -0.568339 0.446191 0.000000
-48.576752 -71.224388 -75.457375   0.695916 -0.563472 0.445197 0.000000
-48.552715 -71.344124 -75.555275   0.700750 -0.557779 0.444783 0.000000
-48.356754 -71.310959 -75.750771   0.703842 -0.555136 0.443204 0.000000
-48.241371 -71.221809 -75.455254   0.708367 -0.549739 0.442723 0.000000
-48.097893 -71.439156 -75.373817   0.715430 -0.538640 0.445001 0.000000
-47.825394 -71.574036 -75.200623   0.721034 -0.531084 0.445040 0.000000
-47.532867 -71.573090 -75.017288   0.725041 -0.524913 0.445850 0.000000
-47.186169 -71.784630 -74.768112   0.729014 -0.516279 0.449438 0.000000
-46.766293 -72.010536 -74.571579   0.733178 -0.507244 0.452939 0.000000
-46.282963 -72.289009 -74.500183   0.738345 -0.496761 0.456152 0.000000
-45.818279 -72.540543 -74.381813   0.742820 -0.487295 0.459089 0.000000
-45.293324 -72.717209 -74.215919   0.746294 -0.477931 0.463279 0.000000
-44.716606 -72.945389 -74.103020   0.750061 -0.468053 0.467263 0.000000
-44.120632 -73.124107 -73.875900   0.753970 -0.457646 0.471263 0.000000
-43.588673 -73.427811 -73.993629   0.758110 -0.445954 0.475809 0.000000
-43.089245 -73.625740 -73.998016   0.761670 -0.435423 0.479859 0.000000
-42.679729 -73.679932 -73.925575   0.764809 -0.425799 0.483490 0.000000
-42.280548 -73.769325 -73.782036   0.767638 -0.415565 0.487891 0.000000
-41.864853 -73.834763 -73.873650   0.770389 -0.405862 0.491709 0.000000
-41.462170 -73.786362 -73.962051   0.772901 -0.396811 0.495142 0.000000
-41.086353 -73.771088 -74.019081   0.775751 -0.386408 0.498899 0.000000
-40.777836 -73.827843 -73.938805   0.777753 -0.376928 0.503016 0.000000
-40.556526 -73.810493 -73.815964   0.779287 -0.369371 0.506237 0.000000
-40.360111 -73.870087 -73.856964   0.781499 -0.361130 0.508768 0.000000
-40.089611 -74.015610 -73.864555   0.783819 -0.352834 0.511015 0.000000
-39.894882 -74.124191 -73.763939   0.786044 -0.345365 0.512697 0.000000
-39.763985 -74.239342 -73.693108   0.787951 -0.338475 0.514362 0.000000
-39.587040 -74.466736 -73.655296   0.789768 -0.331845 0.515892 0.000000
-39.393799 -74.751862 -73.757202   0.792298 -0.323532 0.517292 0.000000
-39.168957 -75.074608 -73.834213   0.795281 -0.313316 0.519000 0.000000
-38.958954 -75.373680 -73.733345   0.798031 -0.303793 0.520438 0.000000
-38.818775 -75.689117 -73.664917   0.799872 -0.295842 0.522190 0.000000
-38.767590 -75.978661 -73.610519   0.801783 -0.286957 0.524214 0.000000
-38.650906 -76.370903 -73.551010   0.803636 -0.278511 0.525928 0.000000
-38.528358 -76.690323 -73.417381   0.804915 -0.271095 0.527844 0.000000
-38.461502 -76.974419 -73.248505   0.806361 -0.263593 0.529434 0.000000
-38.291939 -77.347733 -73.374908   0.808001 -0.256654 0.530343 0.000000
-38.072594 -77.682823 -73.442581   0.810053 -0.248988 0.530867 0.000000
-37.818024 -78.033714 -73.443306   0.812101 -0.240303 0.531739 0.000000
-37.592613 -78.384422 -73.497124   0.813784 -0.232720 0.532538 0.000000
-37.436661 -78.669029 -73.339203   0.814421 -0.227861 0.533665 0.000000
-37.279362 -78.923134 -73.442047   0.815205 -0.221899 0.534978 0.000000
-37.044346 -79.227058 -73.412743   0.816428 -0.214214 0.536244 0.000000
-36.762482 -79.491287 -73.378044   0.818338 -0.206152 0.536492 0.000000
-36.452534 -79.788025 -73.242897   0.820538 -0.196763 0.536658 0.000000
-36.161415 -80.079605 -73.148026   0.821852 -0.188853 0.537488 0.000000
-35.880150 -80.333992 -73.109947   0.822406 -0.182065 0.538981 0.000000
-35.529842 -80.712341 -73.217293   0.824242 -0.171748 0.539563 0.000000
-35.082287 -81.132698 -73.276024   0.826563 -0.159936 0.539643 0.000000
-34.604073 -81.537621 -73.313049   0.828612 -0.147016 0.540175 0.000000
-34.120991 -81.898727 -73.364746   0.830031 -0.135601 0.540982 0.000000
-33.654148 -82.255829 -73.518143   0.831450 -0.126760 0.540946 0.000000
-33.203564 -82.570068 -73.545135   0.833250 -0.115938 0.540604 0.000000
-32.836704 -82.747963 -73.471893   0.834514 -0.105372 0.540818 0.000000
-32.565117 -82.810249 -73.608017   0.835653 -0.096427 0.540727 0.000000
-32.402145 -82.847412 -73.754150   0.836815 -0.085739 0.540731 0.000000
-32.243248 -82.818550 -73.729118   0.837818 -0.075779 0.540664 0.000000
-32.122646 -82.770531 -73.701134   0.838552 -0.067072 0.540677 0.000000
-32.030640 -82.719551 -73.632599   0.839350 -0.059903 0.540280 0.000000
-32.004513 -82.648407 -73.703018   0.840303 -0.054979 0.539322 0.000000
-32.012749 -82.619766 -73.800278   0.840631 -0.050920 0.539210 0.000000
-32.064983 -82.568413 -73.822624   0.840738 -0.047893 0.539320 0.000000
-32.169228 -82.468315 -73.901794   0.840818 -0.045348 0.539415 0.000000
-32.280052 -82.359764 -73.974342   0.841341 -0.042303 0.538847 0.000000
-32.356083 -82.321449 -74.079247   0.841894 -0.039652 0.538184 0.000000
-32.377434 -82.368637 -74.160988   0.842726 -0.034960 0.537207 0.000000
-32.391735 -82.482445 -74.262184   0.843378 -0.028282 0.536576 0.000000
-32.366596 -82.632530 -74.316742   0.843530 -0.022268 0.536621 0.000000
-32.341831 -82.875023 -74.421249   0.844771 -0.014629 0.534928 0.000000
-32.219841 -83.297562 -74.407028   0.845832 -0.006284 0.533412 0.000000
-32.144852 -83.693039 -74.481865   0.846365 0.002348 0.532598 0.000000
-32.052334 -84.087448 -74.528229   0.846934 0.009783 0.531608 0.000000
-31.931791 -84.507828 -74.628181   0.847873 0.016744 0.529935 0.000000
-31.858040 -84.856293 -74.719604   0.848249 0.023606 0.529071 0.000000
-31.833296 -85.096680 -74.765030   0.848959 0.028982 0.527664 0.000000
-31.703445 -85.392426 -74.870514   0.850333 0.032441 0.525245 0.000000
-31.642485 -85.486084 -75.029488   0.852613 0.036036 0.521298 0.000000
-31.581993 -85.623154 -75.188736   0.854156 0.039521 0.518513 0.000000
-31.429909 -85.834320 -75.293297   0.856092 0.045584 0.514810 0.000000
-31.211813 -86.167526 -75.521332   0.857980 0.053333 0.510907 0.000000
-30.934681 -86.545448 -75.617775   0.859008 0.061787 0.508219 0.000000
-30.679090 -86.925308 -75.875572   0.859497 0.071703 0.506086 0.000000
-30.487581 -87.227310 -76.054077   0.859741 0.080536 0.504341 0.000000
-30.348480 -87.453506 -76.212822   0.860079 0.088287 0.502464 0.000000
-30.258673 -87.597328 -76.356293   0.860005 0.095122 0.501341 0.000000
-30.308445 -87.671593 -76.561790   0.859987 0.098923 0.500636 0.000000
-30.451912 -87.618530 -76.795540   0.859719 0.102058 0.500468 0.000000
-30.580524 -87.579941 -76.968384   0.859983 0.105697 0.499257 0.000000
-30.629726 -87.658989 -77.174118   0.860504 0.110272 0.497366 0.000000
-30.605829 -87.858086 -77.276276   0.860379 0.116112 0.496253 0.000000
-30.526117 -88.055672 -77.472504   0.859765 0.121965 0.495911 0.000000
-30.408960 -88.206917 -77.855171   0.859810 0.126706 0.494643 0.000000
-30.241629 -88.449150 -78.172607   0.860457 0.131850 0.492169 0.000000
-29.929398 -88.925774 -78.444107   0.860959 0.139024 0.489308 0.000000
-29.555689 -89.392876 -78.596245   0.861377 0.148609 0.485742 0.000000
-29.231373 -89.779358 -78.686142   0.862274 0.157245 0.481411 0.000000
-28.751272 -90.264870 -78.922768   0.863132 0.165688 0.477022 0.000000
-28.324678 -90.755280 -79.002014   0.863616 0.174368 0.473036 0.000000
-27.922310 -91.244675 -79.001724   0.863853 0.182600 0.469484 0.000000
-27.389040 -91.847412 -79.156570   0.863472 0.194286 0.465478 0.000000
-26.807112 -92.373787 -79.305298   0.862592 0.206717 0.461740 0.000000
-26.149719 -92.894272 -79.272232   0.861892 0.219213 0.457261 0.000000
-25.525785 -93.459312 -79.429337   0.861159 0.230202 0.453225 0.000000
-24.967194 -93.837097 -79.353096   0.860734 0.240945 0.448421 0.000000
-24.548908 -94.111610 -79.497391   0.860632 0.248960 0.444220 0.000000
-24.214914 -94.217857 -79.421715   0.860074 0.257932 0.440164 0.000000
-24.023169 -94.248238 -79.438934   0.859244 0.263405 0.438539 0.000000
-23.901642 -94.219986 -79.469917   0.859022 0.267322 0.436601 0.000000
-23.919044 -94.011719 -79.521973   0.859282 0.269873 0.434514 0.000000
-23.867231 -93.929001 -79.566109   0.858869 0.273294 0.433191 0.000000
-23.707645 -93.958961 -79.525116   0.859398 0.276310 0.430218 0.000000
-23.520334 -94.033005 -79.421654   0.860228 0.278696 0.427009 0.000000
-23.428509 -94.106064 -79.301788   0.860011 0.282265 0.425097 0.000000
-23.275791 -94.202682 -79.178116   0.859693 0.287995 0.421884 0.000000
-23.101948 -94.425499 -79.109077   0.859201 0.295308 0.417811 0.000000
-22.905960 -94.708191 -79.048721   0.858575 0.303063 0.413523 0.000000
-22.600828 -95.095482 -79.073921   0.857951 0.309980 0.409673 0.000000
-22.300566 -95.521126 -79.145676   0.857421 0.316316 0.405924 0.000000
-22.150305 -95.887619 -79.227882   0.856894 0.320702 0.403588 0.000000
-22.023149 -96.304977 -79.079849   0.855893 0.326494 0.401059 0.000000
-21.820488 -96.755440 -78.900940   0.854927 0.333445 0.397385 0.000000
-21.781815 -97.172226 -78.847961   0.854719 0.339108 0.393016 0.000000
-21.798561 -97.582054 -78.855453   0.854537 0.343230 0.389819 0.000000
-21.786644 -97.956711 -78.832245   0.854701 0.346128 0.386887 0.000000
-21.868990 -98.170403 -78.719086   0.855136 0.348439 0.383840 0.000000
-22.106478 -98.053146 -78.663071   0.855630 0.348886 0.382330 0.000000
-22.368536 -97.788536 -78.642685   0.855803 0.348482 0.382311 0.000000
-22.487099 -97.740273 -78.606865   0.855918 0.348697 0.381858 0.000000
-22.442814 -97.803223 -78.508461   0.856199 0.349226 0.380743 0.000000
-22.339628 -97.956741 -78.441856   0.856165 0.349821 0.380272 0.000000
-22.172310 -98.239983 -78.428917   0.856016 0.351174 0.379359 0.000000
-22.034292 -98.399033 -78.375702   0.855968 0.352487 0.378248 0.000000
-21.872726 -98.604637 -78.282471   0.855464 0.354400 0.377600 0.000000
-21.603165 -98.960434 -78.248978   0.854734 0.357507 0.376322 0.000000
-21.450609 -99.170013 -78.189568   0.854372 0.359389 0.375350 0.000000
-21.296745 -99.539757 -78.142540   0.853803 0.362281 0.373863 0.000000
-20.952744 -100.153435 -78.056915   0.852759 0.368239 0.370407 0.000000
-20.533201 -100.788597 -78.114655   0.852242 0.374886 0.364890 0.000000
-20.070723 -101.502609 -77.969345   0.851286 0.383422 0.358191 0.000000
-19.596056 -102.187622 -77.840057   0.850156 0.391314 0.352289 0.000000
-19.348850 -102.836754 -77.840225   0.849665 0.397207 0.346837 0.000000
-19.168142 -103.304382 -77.723213   0.848763 0.402895 0.342458 0.000000
-19.250713 -103.547722 -77.718552   0.848505 0.405308 0.340243 0.000000
-19.383570 -103.774757 -77.767105   0.848547 0.406617 0.338572 0.000000
-19.447712 -103.988976 -77.713737   0.848194 0.408726 0.336912 0.000000
-19.553556 -104.266388 -77.654884   0.848203 0.410180 0.335117 0.000000
-19.475540 -104.554504 -77.626350   0.847808 0.412577 0.333170 0.000000
-19.435795 -104.708313 -77.568321   0.847342 0.414383 0.332112 0.000000
-19.433025 -104.755653 -77.551094   0.847287 0.415348 0.331046 0.000000
-19.464025 -104.743759 -77.539803   0.847160 0.415746 0.330870 0.000000
-19.517353 -104.714478 -77.528259   0.846991 0.416067 0.330899 0.000000
-19.499857 -104.739799 -77.542900   0.846853 0.416491 0.330721 0.000000
-19.512512 -104.901917 -77.550156   0.846806 0.417495 0.329571 0.000000
-19.525364 -105.010910 -77.522682   0.846150 0.419686 0.328474 0.000000
-19.636868 -105.070961 -77.523773   0.845772 0.420754 0.328078 0.000000
-19.706354 -105.229881 -77.525673   0.845509 0.421575 0.327703 0.000000
-19.669687 -105.413170 -77.508537   0.845325 0.422726 0.326694 0.000000
-19.643938 -105.503670 -77.544174   0.845234 0.423315 0.326164 0.000000
-19.634981 -105.551544 -77.561913   0.845131 0.423847 0.325739 0.000000
-19.656601 -105.633942 -77.515450   0.845136 0.424537 0.324828 0.000000
-19.622736 -105.686043 -77.510124   0.845064 0.425231 0.324108 0.000000
-19.586782 -105.737831 -77.540092   0.845050 0.425998 0.323136 0.000000
-19.550268 -105.806740 -77.581856   0.844898 0.426921 0.322314 0.000000
-19.483046 -105.941933 -77.615685   0.844646 0.428148 0.321346 0.000000
-19.360302 -106.104813 -77.637657   0.844409 0.430759 0.318464 0.000000
-19.252142 -106.386421 -77.672310   0.843927 0.432960 0.316753 0.000000
-19.186630 -106.719124 -77.808273   0.843823 0.434699 0.314641 0.000000
-19.080780 -106.939514 -77.687927   0.842847 0.438700 0.311691 0.000000
-19.009476 -107.159325 -77.680183   0.842151 0.441527 0.309574 0.000000
-18.903332 -107.454422 -77.691780   0.841565 0.445234 0.305834 0.000000
-18.819326 -107.827003 -77.760307   0.840749 0.448436 0.303393 0.000000
-18.709999 -108.265266 -77.817993   0.840136 0.453163 0.298017 0.000000
-18.514414 -108.835030 -77.777168   0.838698 0.459563 0.292213 0.000000
-18.401062 -109.386627 -77.798988   0.837709 0.463185 0.289315 0.000000
-18.255608 -109.692780 -77.754219   0.837202 0.466650 0.285185 0.000000
-18.277891 -109.791168 -77.783356   0.836927 0.467749 0.284190 0.000000
-18.340570 -109.744316 -77.830208   0.836728 0.467853 0.284603 0.000000
-18.377981 -109.681534 -77.830467   0.836488 0.468159 0.284808 0.000000
-18.389118 -109.644554 -77.878540   0.836283 0.468466 0.284903 0.000000
-18.359539 -109.550743 -77.939293   0.835777 0.468997 0.285515 0.000000
-18.306099 -109.483551 -77.988640   0.835432 0.469353 0.285940 0.000000
-18.305162 -109.386803 -77.991440   0.835499 0.468680 0.286845 0.000000
-18.290659 -109.291435 -77.985023   0.835777 0.467975 0.287185 0.000000
-18.254978 -109.160965 -77.962059   0.835872 0.467711 0.287339 0.000000
-18.271708 -109.055756 -77.884277   0.835901 0.466691 0.288909 0.000000
-18.212490 -108.927971 -77.845284   0.836184 0.464964 0.290868 0.000000
-18.169533 -108.751648 -77.826088   0.836578 0.462357 0.293875 0.000000
-18.091984 -108.540291 -77.799454   0.836782 0.458994 0.298529 0.000000
-18.055159 -108.310997 -77.750961   0.837234 0.454335 0.304332 0.000000
-18.035978 -107.922699 -77.715248   0.837704 0.449498 0.310167 0.000000
-18.065935 -107.326576 -77.681427   0.838152 0.444829 0.315639 0.000000
-18.163912 -106.757111 -77.687996   0.838632 0.440120 0.320923 0.000000
-18.232252 -106.378342 -77.668861   0.838999 0.436871 0.324383 0.000000
-18.258881 -106.071365 -77.577972   0.839605 0.434465 0.326043 0.000000
-18.237516 -105.783661 -77.553795   0.839946 0.432281 0.328061 0.000000
-18.195826 -105.254356 -77.527107   0.839681 0.430520 0.331041 0.000000
-18.253592 -104.565331 -77.482162   0.840474 0.426200 0.334600 0.000000
-18.321627 -103.673393 -77.461838   0.841555 0.419885 0.339825 0.000000
-18.432295 -102.626526 -77.461601   0.842591 0.412605 0.346118 0.000000
-18.507132 -101.535286 -77.416130   0.844009 0.405007 0.351595 0.000000
-18.558420 -100.527245 -77.317413   0.845517 0.396947 0.357119 0.000000
-18.570032 -99.556740 -77.264015   0.846793 0.389132 0.362654 0.000000
-18.617813 -98.593086 -77.151985   0.848242 0.381009 0.367855 0.000000
-18.603523 -97.621880 -77.098938   0.849446 0.371831 0.374410 0.000000
-18.528194 -96.615135 -77.146011   0.851269 0.361259 0.380569 0.000000
-18.472544 -95.620117 -77.131485   0.853640 0.349041 0.386613 0.000000
-18.440279 -94.657845 -77.075668   0.855809 0.335889 0.393408 0.000000
-18.539467 -93.681816 -76.933029   0.857985 0.321404 0.400700 0.000000
-18.706406 -92.571632 -76.956093   0.860465 0.303340 0.409371 0.000000
-18.966299 -91.425804 -76.967415   0.862963 0.284387 0.417635 0.000000
-19.105274 -90.281364 -76.877998   0.864885 0.266252 0.425539 0.000000
-19.215725 -89.224106 -76.875206   0.867355 0.248249 0.431355 0.000000
-19.188631 -88.151085 -76.884674   0.869179 0.231441 0.436993 0.000000
-19.340416 -86.909149 -76.805023   0.870871 0.212791 0.443062 0.000000
-19.495934 -85.801460 -76.752754   0.872239 0.195696 0.448222 0.000000
-19.656109 -84.778976 -76.704651   0.873158 0.181769 0.452278 0.000000
-19.802958 -83.725632 -76.651062   0.873819 0.166832 0.456736 0.000000
-19.958923 -82.750786 -76.637085   0.874089 0.149341 0.462239 0.000000
-20.186096 -81.714890 -76.642914   0.874269 0.129960 0.467722 0.000000
-20.427614 -80.528961 -76.571968   0.874089 0.108570 0.473478 0.000000
-20.678566 -79.344391 -76.500839   0.873317 0.086282 0.479451 0.000000
-20.974825 -78.187546 -76.516632   0.871501 0.062477 0.486398 0.000000
-21.257534 -77.099945 -76.522034   0.869360 0.037234 0.492774 0.000000
-21.555946 -76.098778 -76.388557   0.866764 0.010988 0.498598 0.000000
-21.778955 -75.240349 -76.367104   0.863812 -0.015562 0.503574 0.000000
-22.037256 -74.301750 -76.405205   0.860498 -0.041486 0.507761 0.000000
-22.078104 -73.677917 -76.269493   0.856310 -0.067320 0.512056 0.000000
-22.113987 -72.963463 -76.231239   0.853754 -0.086720 0.513404 0.000000
-22.147436 -72.211105 -76.138794   0.851373 -0.103761 0.514196 0.000000
-22.180431 -71.477432 -76.089180   0.850610 -0.117416 0.512520 0.000000
-22.179655 -70.806908 -76.211372   0.850745 -0.127577 0.509860 0.000000
-22.281921 -70.268669 -76.204224   0.851358 -0.136381 0.506547 0.000000
-22.342369 -69.935333 -76.256325   0.852316 -0.144318 0.502722 0.000000
-22.384729 -69.632690 -76.241272   0.854018 -0.149478 0.498307 0.000000
-22.468750 -69.319351 -76.262161   0.854747 -0.157779 0.494482 0.000000
-22.600845 -68.957558 -76.332092   0.854803 -0.169285 0.490565 0.000000
-22.794451 -68.768181 -76.403770   0.854660 -0.183339 0.485739 0.000000
-23.068304 -68.625916 -76.266159   0.853725 -0.201369 0.480213 0.000000
-23.391426 -68.433189 -76.294724   0.852848 -0.215862 0.475450 0.000000
-23.712143 -68.320183 -76.258881   0.851993 -0.227588 0.471499 0.000000
-23.962553 -68.137459 -76.111504   0.850743 -0.242061 0.466522 0.000000
-24.166712 -67.851898 -75.967422   0.848705 -0.258595 0.461333 0.000000
-24.265509 -67.653786 -75.894157   0.846466 -0.275173 0.455824 0.000000
-24.421316 -67.422119 -75.791344   0.844278 -0.291930 0.449412 0.000000
-24.601988 -67.092514 -75.899910   0.842231 -0.308048 0.442441 0.000000
-24.843519 -66.754150 -75.873138   0.839494 -0.326113 0.434626 0.000000
-25.125065 -66.359543 -75.860489   0.835947 -0.344910 0.426884 0.000000
-25.526161 -65.884956 -76.055061   0.832443 -0.360154 0.421103 0.000000
-25.954100 -65.151390 -76.083488   0.829357 -0.370165 0.418503 0.000000
-26.358831 -64.330078 -76.276588   0.827006 -0.375072 0.418786 0.000000
-26.822147 -63.386490 -76.406891   0.823621 -0.383006 0.418276 0.000000
-27.360861 -62.407749 -76.393898   0.818504 -0.399092 0.413251 0.000000
-27.974764 -61.393024 -76.447769   0.812985 -0.416422 0.406999 0.000000
-28.660702 -60.382549 -76.674622   0.807300 -0.432582 0.401422 0.000000
-29.345327 -59.438911 -76.818962   0.800995 -0.450513 0.394266 0.000000
-29.943254 -58.613552 -77.032730   0.795583 -0.465237 0.388076 0.000000
-30.410740 -58.079784 -77.222023   0.791167 -0.476296 0.383663 0.000000
-30.902258 -57.661636 -77.223015   0.786536 -0.487447 0.379154 0.000000
-31.505268 -57.226124 -77.548500   0.782109 -0.498662 0.373687 0.000000
-32.194588 -56.872173 -77.820427   0.777642 -0.509874 0.367833 0.000000
-33.008839 -56.644051 -78.047768   0.773692 -0.519819 0.362199 0.000000
-33.891415 -56.468433 -78.222488   0.769465 -0.529391 0.357307 0.000000
-34.675846 -56.306938 -78.325485   0.764913 -0.539803 0.351455 0.000000
-35.335594 -56.173286 -78.390999   0.761542 -0.548480 0.345288 0.000000
-35.860950 -56.145767 -78.412811   0.759028 -0.556833 0.337362 0.000000
-36.357941 -56.088863 -78.321991   0.755985 -0.566824 0.327411 0.000000
-36.824078 -56.003658 -78.147949   0.752686 -0.576412 0.318140 0.000000
-37.302769 -55.980644 -78.080261   0.750570 -0.581768 0.313353 0.000000
-37.744194 -56.016331 -77.988312   0.749232 -0.584339 0.311769 0.000000
-38.191021 -55.976307 -77.865662   0.748363 -0.585554 0.311575 0.000000
-38.561932 -55.896507 -77.665031   0.747605 -0.586607 0.311414 0.000000
-38.901390 -55.803596 -77.572334   0.746077 -0.589256 0.310074 0.000000
-39.233391 -55.701046 -77.546036   0.744293 -0.593749 0.305761 0.000000
-39.550045 -55.612728 -77.264946   0.741919 -0.600075 0.299109 0.000000
-40.101944 -55.488567 -76.885254   0.740286 -0.603386 0.296485 0.000000
-40.604691 -55.530003 -76.653069   0.738948 -0.603527 0.299516 0.000000
-41.134476 -55.662670 -76.689369   0.737994 -0.603660 0.301595 0.000000
-41.698704 -55.783813 -76.483063   0.736950 -0.605843 0.299766 0.000000
-42.251637 -55.767868 -76.132217   0.735864 -0.610626 0.292642 0.000000
-42.866634 -55.665688 -75.975945   0.735017 -0.615375 0.284718 0.000000
-43.429714 -55.569416 -75.817780   0.735387 -0.618672 0.276497 0.000000
-44.076527 -55.616833 -75.761650   0.735346 -0.621846 0.269395 0.000000
-44.645847 -55.687943 -75.824219   0.735089 -0.625498 0.261528 0.000000
-45.192963 -55.814480 -75.809486   0.735640 -0.627692 0.254631 0.000000
-45.751873 -55.989979 -75.908966   0.734293 -0.632957 0.245314 0.000000
-46.203968 -55.931324 -75.728836   0.732526 -0.640308 0.231110 0.000000
-47.009846 -55.968040 -75.884232   0.733337 -0.643920 0.218140 0.000000
-47.527592 -55.908432 -75.735046   0.734164 -0.648009 0.202701 0.000000
-48.110348 -55.919960 -75.644539   0.734228 -0.650306 0.194965 0.000000
-48.791386 -56.132244 -75.753273   0.734781 -0.650733 0.191423 0.000000
-49.018127 -56.184109 -75.730141   0.734719 -0.656125 0.172303 0.000000
-49.177937 -56.024643 -75.295158   0.734291 -0.662189 0.149411 0.000000
-49.473866 -56.146534 -75.148743   0.735909 -0.663081 0.136970 0.000000
-49.719383 -56.389526 -74.999260   0.738668 -0.661411 0.130018 0.000000
-49.941761 -56.733929 -74.634567   0.742089 -0.658611 0.124643 0.000000
-50.132812 -57.104397 -74.280968   0.745401 -0.655169 0.123008 0.000000
-50.450523 -57.469463 -74.128708   0.749051 -0.650204 0.127110 0.000000
-50.635181 -57.841839 -73.990913   0.753870 -0.643788 0.131213 0.000000
-50.647278 -58.197674 -73.733276   0.757132 -0.639840 0.131741 0.000000
-50.613338 -58.491425 -73.471779   0.759118 -0.636356 0.137081 0.000000
-50.609489 -58.844723 -73.310577   0.761215 -0.633251 0.139803 0.000000
-50.510181 -59.048759 -73.099091   0.761571 -0.632458 0.141444 0.000000
-50.620319 -59.296417 -73.287560   0.762264 -0.629054 0.152463 0.000000
-50.910954 -59.548832 -73.748596   0.763043 -0.624163 0.167890 0.000000
-50.936832 -59.707977 -74.269455   0.761237 -0.624177 0.175845 0.000000
-50.957867 -59.746666 -74.698158   0.756877 -0.627490 0.182741 0.000000
-50.393593 -59.698818 -75.195274   0.751724 -0.633680 0.182651 0.000000
-49.657581 -59.445045 -74.236832   0.745105 -0.640923 0.184491 0.000000
-48.983162 -59.494320 -73.743904   0.738700 -0.645939 0.192575 0.000000
-48.168655 -59.703968 -73.688683   0.734783 -0.649651 0.195057 0.000000
-47.373997 -59.679398 -73.087784   0.733800 -0.653332 0.186267 0.000000
-46.902233 -59.762848 -73.145996   0.733939 -0.656206 0.175291 0.000000
-46.467495 -60.008041 -73.252991   0.734432 -0.658477 0.164373 0.000000
-45.980362 -60.318611 -72.873383   0.734507 -0.660691 0.154876 0.000000
-45.726501 -60.560429 -72.780586   0.733989 -0.664297 0.141316 0.000000
-45.330486 -60.675484 -72.306992   0.732169 -0.669299 0.126359 0.000000
-44.897427 -61.158173 -72.123611   0.731285 -0.671350 0.120465 0.000000
-44.189941 -61.647419 -71.846466   0.730759 -0.673456 0.111570 0.000000
-43.603394 -61.942749 -71.326141   0.729225 -0.676473 0.103030 0.000000
-42.969090 -62.306168 -70.731117   0.727130 -0.679361 0.098743 0.000000
-42.473129 -62.484253 -70.179726   0.724235 -0.683900 0.088118 0.000000
-42.433804 -62.429779 -69.864960   0.720223 -0.689249 0.078835 0.000000
-42.315197 -62.364319 -69.230240   0.715900 -0.694446 0.072327 0.000000
-42.339661 -62.200062 -69.043457   0.711543 -0.699633 0.064961 0.000000
-42.449760 -62.083916 -68.818527   0.705676 -0.705814 0.062038 0.000000
-42.567146 -61.965942 -68.803673   0.700790 -0.710729 0.061289 0.000000
-43.106102 -61.536362 -69.220795   0.698663 -0.713140 0.057456 0.000000
-43.766548 -61.138229 -69.343575   0.695457 -0.716184 0.058484 0.000000
-44.193947 -61.107449 -69.371712   0.692268 -0.718857 0.063327 0.000000
-44.524033 -61.229717 -69.710480   0.690794 -0.720033 0.066006 0.000000
-44.854645 -61.431080 -69.794167   0.688699 -0.721548 0.071150 0.000000
-45.083412 -61.645641 -70.196205   0.687413 -0.722479 0.074076 0.000000
-45.401146 -61.793221 -70.454712   0.686635 -0.723179 0.074454 0.000000
-45.812366 -61.912010 -70.856995   0.685448 -0.724145 0.075993 0.000000
-46.304745 -61.895123 -71.400421   0.684280 -0.724936 0.078924 0.000000
-46.544193 -61.904060 -71.717995   0.683390 -0.725574 0.080750 0.000000
-46.704292 -61.859409 -71.999771   0.682759 -0.726035 0.081931 0.000000
-46.885670 -61.668148 -72.558647   0.682355 -0.726056 0.085057 0.000000
-46.844597 -61.498169 -72.793610   0.681775 -0.725989 0.090131 0.000000
-46.887520 -61.318939 -72.914139   0.681584 -0.725814 0.092938 0.000000
-46.986000 -61.073296 -73.220459   0.681467 -0.725527 0.095985 0.000000
-47.054901 -60.979050 -73.511002   0.681215 -0.725437 0.098426 0.000000
-47.167942 -60.938721 -73.801735   0.681183 -0.725075 0.101267 0.000000
-47.288269 -60.999756 -74.160545   0.681478 -0.724446 0.103759 0.000000
-47.433647 -61.159595 -74.200752   0.682988 -0.722887 0.104698 0.000000
-47.792633 -61.267353 -74.251167   0.686182 -0.719749 0.105427 0.000000
-48.113186 -61.385880 -73.927376   0.688770 -0.716962 0.107523 0.000000
-48.401955 -61.425453 -73.686409   0.690818 -0.714908 0.108058 0.000000
-48.741692 -61.398956 -73.638618   0.692773 -0.713034 0.107929 0.000000
-49.023033 -61.236794 -73.527153   0.694190 -0.711528 0.108758 0.000000
-49.236290 -61.189690 -73.247498   0.694746 -0.710548 0.111576 0.000000
-49.348232 -61.348919 -73.115341   0.696137 -0.709044 0.112469 0.000000
-49.412380 -61.685291 -73.066811   0.696913 -0.708160 0.113234 0.000000
-49.524387 -62.163868 -73.299301   0.697287 -0.707409 0.115600 0.000000
-49.666332 -62.680790 -73.404930   0.697755 -0.706425 0.118749 0.000000
-49.628304 -63.156052 -73.292374   0.697774 -0.705728 0.122712 0.000000
-49.528740 -63.564285 -73.392349   0.697972 -0.704984 0.125830 0.000000
-49.684685 -63.802391 -73.448112   0.698288 -0.704060 0.129203 0.000000
-49.922970 -63.938572 -73.392311   0.698525 -0.703402 0.131487 0.000000
-50.128227 -64.127220 -73.301460   0.698619 -0.702871 0.133809 0.000000
-50.377186 -64.321854 -73.230591   0.698079 -0.702571 0.138129 0.000000
-50.571388 -64.383827 -73.318657   0.697431 -0.702279 0.142811 0.000000
-50.670818 -64.375145 -73.347458   0.697010 -0.701652 0.147854 0.000000
-50.659115 -64.367363 -73.492737   0.697424 -0.700245 0.152502 0.000000
-50.627972 -64.269966 -73.600677   0.697467 -0.698775 0.158913 0.000000
-50.606125 -64.071915 -73.656059   0.696691 -0.697089 0.169374 0.000000
-50.565731 -63.833649 -73.937347   0.696942 -0.694400 0.179110 0.000000
-50.317978 -63.680080 -73.937073   0.697965 -0.691237 0.187178 0.000000
-49.933025 -63.660587 -73.724564   0.699287 -0.687356 0.196315 0.000000
-49.508179 -63.553463 -73.549026   0.701330 -0.682538 0.205618 0.000000
-49.097282 -63.400490 -73.243294   0.703927 -0.677220 0.214150 0.000000
-48.674297 -63.331993 -73.088280   0.705972 -0.671526 0.225069 0.000000
-48.333248 -63.311050 -73.240677   0.707817 -0.665987 0.235493 0.000000
-48.092915 -63.236904 -73.516006   0.710767 -0.659584 0.244458 0.000000
-47.772682 -63.279797 -73.456062   0.714047 -0.652374 0.254058 0.000000
-47.592205 -63.424664 -73.602249   0.716434 -0.644752 0.266490 0.000000
-47.414227 -63.672161 -73.785698   0.720223 -0.634501 0.280512 0.000000
-47.387379 -63.830994 -74.025803   0.723963 -0.625545 0.290810 0.000000
-47.377632 -63.801544 -74.024040   0.726189 -0.619767 0.297555 0.000000
-47.400658 -63.833694 -74.112480   0.728780 -0.611938 0.307264 0.000000
-47.391895 -63.937351 -74.241890   0.731712 -0.602789 0.318187 0.000000
-47.280399 -64.122154 -74.344749   0.735193 -0.593008 0.328378 0.000000
-47.163391 -64.529610 -74.380394   0.739650 -0.581748 0.338359 0.000000
-47.025478 -64.870079 -74.433235   0.743874 -0.570979 0.347325 0.000000
-46.772015 -65.066856 -74.254913   0.746438 -0.564278 0.352734 0.000000
-46.589664 -65.143669 -74.103104   0.747963 -0.559398 0.357248 0.000000
-46.457516 -65.179100 -74.109901   0.750129 -0.552568 0.363284 0.000000
-46.233803 -65.291077 -73.726624   0.753097 -0.543871 0.370202 0.000000
-45.997898 -65.589264 -73.394089   0.756614 -0.535136 0.375720 0.000000
-45.868153 -65.903000 -73.477745   0.759589 -0.527036 0.381126 0.000000
-45.702415 -66.236443 -73.709106   0.762840 -0.517831 0.387203 0.000000
-45.392139 -66.537933 -73.483231   0.765054 -0.510372 0.392699 0.000000
-45.125744 -66.890968 -73.304016   0.767977 -0.502480 0.397147 0.000000
-44.804455 -67.351807 -73.137718   0.771898 -0.492189 0.402397 0.000000
-44.438679 -67.769859 -72.995834   0.774849 -0.483908 0.406746 0.000000
-44.169743 -68.126549 -72.984093   0.777306 -0.475596 0.411830 0.000000
-43.876743 -68.634453 -72.701347   0.780070 -0.468020 0.415268 0.000000
-43.609638 -69.150185 -72.316132   0.782518 -0.460947 0.418561 0.000000
-43.294247 -69.689148 -72.320328   0.785280 -0.452722 0.422348 0.000000
-43.024517 -70.123566 -72.242096   0.787671 -0.446201 0.424829 0.000000
-42.852886 -70.355354 -72.083389   0.789981 -0.440822 0.426153 0.000000
-42.650524 -70.632370 -71.898994   0.792471 -0.435338 0.427167 0.000000
-42.603462 -70.753479 -71.876045   0.794902 -0.430232 0.427821 0.000000
-42.580410 -70.735916 -71.827263   0.796631 -0.426856 0.427987 0.000000
-42.427353 -70.826492 -71.629326   0.798132 -0.422736 0.429277 0.000000
-42.125202 -71.146339 -71.619087   0.799443 -0.417986 0.431484 0.000000
-41.815556 -71.349304 -71.609459   0.800874 -0.413904 0.432763 0.000000
-41.565460 -71.489868 -71.503403   0.802490 -0.408819 0.434601 0.000000
-41.261391 -71.768356 -71.552605   0.804264 -0.401726 0.437923 0.000000
-40.977547 -72.152679 -71.593323   0.805941 -0.395475 0.440521 0.000000
-40.855938 -72.316254 -71.607269   0.807528 -0.389158 0.443231 0.000000
-40.682236 -72.508446 -71.679062   0.809047 -0.383165 0.445677 0.000000
-40.307526 -72.889526 -71.801140   0.810132 -0.376705 0.449199 0.000000
-39.834160 -73.434715 -71.921417   0.811194 -0.370228 0.452654 0.000000
-39.386021 -73.952820 -72.002075   0.811853 -0.363414 0.456975 0.000000
-39.058258 -74.344818 -71.983551   0.812563 -0.358360 0.459696 0.000000
-38.792973 -74.559906 -72.093597   0.812605 -0.354857 0.462331 0.000000
-38.523598 -74.733719 -72.161079   0.811991 -0.352366 0.465305 0.000000
-38.222710 -74.938042 -72.355133   0.811523 -0.350278 0.467692 0.000000
-37.964901 -75.197739 -72.343941   0.810897 -0.348652 0.469986 0.000000
-37.927715 -75.370636 -72.506676   0.810108 -0.347387 0.472279 0.000000
-37.982349 -75.450951 -72.739243   0.809436 -0.346922 0.473771 0.000000
-37.857887 -75.609985 -72.606316   0.808328 -0.346501 0.475966 0.000000
-37.721008 -75.770920 -72.633850   0.807232 -0.346390 0.477902 0.000000
-37.576447 -75.761177 -72.497726   0.805715 -0.346981 0.480028 0.000000
-37.334660 -75.885712 -72.524017   0.804686 -0.345987 0.482466 0.000000
-37.247898 -75.954292 -72.700836   0.804190 -0.344683 0.484223 0.000000
-37.193008 -75.911583 -72.447769   0.802799 -0.345043 0.486270 0.000000
-37.121799 -76.011421 -72.388344   0.801231 -0.344769 0.489044 0.000000
-37.094414 -76.105377 -72.411583   0.800534 -0.343633 0.490980 0.000000
-37.104076 -76.223129 -72.355270   0.799677 -0.342499 0.493165 0.000000
-37.039555 -76.370415 -72.471024   0.799294 -0.340189 0.495379 0.000000
-36.985565 -76.474960 -72.598755   0.799161 -0.337753 0.497257 0.000000
-36.921787 -76.669395 -72.450020   0.798844 -0.334846 0.499727 0.000000
-36.683464 -77.084869 -72.356087   0.798192 -0.330673 0.503532 0.000000
-36.443348 -77.475769 -72.566116   0.797839 -0.326401 0.506868 0.000000
-36.149025 -77.783600 -72.697945   0.797666 -0.323335 0.509100 0.000000
-35.702538 -78.090073 -72.872948   0.797379 -0.319268 0.512109 0.000000
-35.224316 -78.234802 -72.995056   0.796617 -0.316173 0.515205 0.000000
-34.838047 -78.181572 -73.074104   0.795744 -0.314258 0.517719 0.000000
-34.521526 -78.143723 -73.066505   0.794841 -0.313348 0.519655 0.000000
-34.223270 -78.094887 -73.203346   0.794188 -0.312405 0.521217 0.000000
-33.850731 -78.041924 -73.323219   0.793415 -0.311617 0.522864 0.000000
-33.592308 -78.050751 -73.522102   0.792674 -0.311066 0.524315 0.000000
-33.190643 -78.126366 -73.723320   0.791874 -0.309940 0.526187 0.000000
-32.738281 -78.354546 -73.631882   0.791117 -0.307553 0.528721 0.000000
-32.409470 -78.558891 -74.004349   0.790678 -0.303603 0.531652 0.000000
-31.929579 -78.784996 -74.428864   0.789370 -0.301233 0.534934 0.000000
-31.330814 -79.095947 -74.756355   0.788326 -0.297778 0.538397 0.000000
-30.916454 -79.423019 -75.105820   0.787691 -0.293842 0.541479 0.000000
-30.560356 -79.666153 -75.467033   0.787045 -0.291035 0.543929 0.000000
-30.080158 -79.951912 -76.127113   0.786372 -0.288332 0.546336 0.000000
-29.635469 -80.229393 -76.551147   0.785832 -0.285494 0.548600 0.000000
-29.298004 -80.470840 -76.842903   0.785589 -0.281826 0.550840 0.000000
-28.879400 -80.748283 -76.874527   0.784832 -0.279328 0.553186 0.000000
-28.510078 -80.980782 -76.881012   0.784208 -0.275872 0.555798 0.000000
-28.266680 -81.210098 -76.651733   0.783520 -0.273191 0.558089 0.000000
-27.971327 -81.186272 -76.323242   0.782929 -0.271989 0.559504 0.000000
-27.662870 -81.205330 -76.174744   0.782505 -0.272183 0.560003 0.000000
-27.264038 -81.171173 -76.340881   0.781769 -0.273194 0.560538 0.000000
-26.881384 -81.138313 -76.581421   0.781263 -0.274371 0.560668 0.000000
-26.604507 -81.116829 -76.553413   0.780805 -0.275997 0.560508 0.000000
-26.155178 -81.161110 -76.822189   0.780882 -0.277220 0.559797 0.000000
-25.791544 -81.225418 -77.480026   0.782227 -0.277020 0.558015 0.000000
-25.434395 -81.184258 -78.047890   0.783585 -0.276993 0.556120 0.000000
-24.918638 -81.214333 -78.268806   0.784554 -0.278239 0.554128 0.000000
-24.451759 -81.271942 -78.387680   0.785772 -0.280801 0.551102 0.000000
-24.144382 -81.160217 -78.602127   0.787073 -0.284185 0.547500 0.000000
-23.848017 -80.996979 -78.438507   0.787638 -0.288084 0.544641 0.000000
-23.817274 -80.869980 -78.108620   0.788764 -0.290572 0.541682 0.000000
-23.764124 -80.760544 -77.604553   0.790363 -0.293664 0.537670 0.000000
-23.667013 -80.678116 -77.467934   0.792129 -0.296359 0.533576 0.000000
-23.586218 -80.596642 -77.559723   0.794190 -0.300538 0.528148 0.000000
-23.511700 -80.479340 -77.822929   0.796647 -0.305813 0.521376 0.000000
-23.577219 -80.177032 -77.712776   0.799241 -0.313261 0.512914 0.000000
-24.026470 -79.494232 -78.263542   0.802637 -0.320108 0.503293 0.000000
-24.597389 -78.643684 -78.801361   0.806521 -0.328606 0.491468 0.000000
-25.148876 -77.716499 -79.082664   0.810507 -0.338246 0.478192 0.000000
-25.579020 -76.988503 -80.962135   0.816992 -0.345355 0.461795 0.000000
-25.920950 -76.245842 -81.071350   0.820599 -0.355281 0.447652 0.000000
-25.793434 -75.707001 -80.972473   0.823300 -0.365281 0.434451 0.000000
-25.565258 -75.570518 -81.171799   0.825745 -0.373699 0.422486 0.000000
-25.651958 -75.416489 -80.894829   0.826898 -0.382107 0.412594 0.000000
-25.498409 -75.361992 -81.207993   0.829217 -0.387702 0.402599 0.000000
-25.373148 -75.518417 -82.017113   0.832674 -0.391445 0.391695 0.000000
-25.208227 -75.541557 -82.027481   0.835521 -0.395355 0.381575 0.000000
-24.701164 -75.993439 -83.725845   0.840733 -0.396266 0.368973 0.000000
-24.295555 -76.508446 -84.462784   0.845387 -0.397328 0.357005 0.000000
-23.977991 -76.961449 -83.987190   0.847720 -0.402321 0.345701 0.000000
-23.919491 -77.462280 -83.725449   0.849985 -0.406432 0.335169 0.000000
-24.592783 -77.874352 -83.332703   0.850968 -0.411833 0.325956 0.000000
-25.177435 -77.985657 -83.450439   0.852008 -0.417582 0.315766 0.000000
-25.793209 -78.201584 -84.982750   0.855100 -0.421085 0.302476 0.000000
-26.517879 -78.212692 -86.044510   0.857247 -0.425124 0.290510 0.000000
-27.371241 -78.256744 -87.165054   0.858471 -0.430666 0.278485 0.000000
-27.691181 -78.317543 -88.880226   0.860999 -0.434476 0.264408 0.000000
-28.416958 -78.391907 -90.024025   0.862410 -0.439301 0.251523 0.000000
-28.900784 -78.345612 -90.958916   0.863357 -0.443869 0.239991 0.000000
-29.291204 -78.488121 -91.740395   0.864004 -0.448143 0.229489 0.000000
-29.189028 -78.645943 -92.510223   0.864600 -0.451826 0.219821 0.000000
-29.428099 -78.890961 -92.966362   0.865031 -0.455410 0.210529 0.000000
-29.787914 -79.101639 -93.745689   0.866265 -0.457358 0.201018 0.000000
-30.172770 -79.249748 -94.091354   0.866925 -0.459344 0.193506 0.000000
-30.318130 -79.531471 -94.738953   0.867652 -0.460693 0.186930 0.000000
-30.344692 -80.033546 -95.310562   0.868436 -0.461839 0.180345 0.000000
-30.709003 -80.689728 -96.255096   0.869581 -0.462275 0.173583 0.000000
-31.136728 -81.243271 -96.943954   0.870401 -0.462826 0.167914 0.000000
-31.214060 -81.797287 -97.900352   0.871122 -0.463325 0.162714 0.000000
-31.353924 -82.406631 -98.619942   0.871715 -0.464107 0.157218 0.000000
-31.140289 -82.807205 -98.976112   0.872658 -0.464477 0.150764 0.000000
-31.249266 -83.336212 -100.141846   0.874477 -0.463718 0.142324 0.000000
-31.230444 -83.580002 -101.079262   0.875359 -0.464454 0.134273 0.000000
-31.413874 -83.602646 -101.904488   0.875275 -0.466833 0.126338 0.000000
-31.533951 -83.630730 -102.510254   0.875268 -0.469505 0.116068 0.000000
-31.161732 -83.597229 -103.474098   0.875294 -0.471982 0.105324 0.000000
-31.066391 -83.626762 -104.165565   0.874728 -0.475198 0.095066 0.000000
-31.119524 -83.683456 -105.053001   0.874282 -0.477969 0.084709 0.000000
-31.425364 -83.819847 -105.730301   0.873213 -0.481621 0.074429 0.000000
-31.193541 -83.934349 -106.631973   0.872171 -0.485087 0.063303 0.000000
-30.763058 -84.192711 -107.765297   0.871682 -0.487384 0.051268 0.000000
-30.330706 -84.397064 -108.803085   0.870974 -0.489748 0.039388 0.000000
-30.362123 -84.565735 -109.839088   0.869981 -0.492299 0.027844 0.000000
-30.090260 -84.481651 -110.136604   0.868364 -0.495609 0.017759 0.000000
-29.577337 -84.374245 -110.311211   0.867390 -0.497556 0.008529 0.000000
-29.406801 -84.246063 -110.243744   0.866358 -0.499423 0.000539 0.000000
-29.725378 -83.899445 -109.429665   0.864947 -0.501830 -0.005685 0.000000
-29.731710 -83.536575 -109.262138   0.864229 -0.502983 -0.010802 0.000000
-29.923220 -83.105431 -108.909164   0.862697 -0.505528 -0.013999 0.000000
-29.790918 -82.644249 -108.911331   0.861911 -0.506734 -0.018158 0.000000
-30.036100 -82.452721 -109.110504   0.861878 -0.506532 -0.024332 0.000000
-29.954124 -82.177063 -109.190628   0.861544 -0.506764 -0.030538 0.000000
-29.708645 -82.007156 -109.674294   0.861446 -0.506566 -0.036081 0.000000
-29.578209 -81.812233 -109.732452   0.860660 -0.507516 -0.041124 0.000000
-29.105677 -81.614822 -109.928261   0.860267 -0.507783 -0.045797 0.000000
-29.255688 -81.631500 -110.461578   0.860565 -0.506875 -0.050064 0.000000
-29.541529 -81.534683 -111.006653   0.860031 -0.507309 -0.054630 0.000000
-29.301573 -81.384354 -111.711945   0.859201 -0.508103 -0.060043 0.000000
-29.075914 -81.403831 -112.130394   0.858481 -0.508594 -0.065890 0.000000
-29.199392 -81.430023 -112.363548   0.857676 -0.509215 -0.071352 0.000000
-28.724226 -81.415123 -112.559380   0.856669 -0.509968 -0.077787 0.000000
-27.939726 -81.477638 -112.492950   0.856134 -0.509860 -0.084129 0.000000
-27.547516 -81.736748 -112.592499   0.855882 -0.509448 -0.089043 0.000000
-26.672089 -81.926826 -112.919724   0.855522 -0.509265 -0.093438 0.000000
-26.370974 -82.228401 -113.170715   0.855659 -0.508201 -0.097876 0.000000
-26.267736 -82.399094 -113.211037   0.855685 -0.507598 -0.100733 0.000000
-25.494827 -82.516762 -113.338852   0.855858 -0.506781 -0.103347 0.000000
-25.123686 -82.702560 -113.273666   0.856509 -0.505314 -0.105122 0.000000
-24.513445 -82.790405 -113.171471   0.856889 -0.504453 -0.106154 0.000000
-24.591980 -82.870728 -113.001221   0.857123 -0.503873 -0.107016 0.000000
-24.364115 -82.806595 -112.722992   0.857474 -0.503328 -0.106768 0.000000
-24.124947 -82.727455 -112.497856   0.857830 -0.502859 -0.106112 0.000000
-24.286964 -82.566414 -112.302719   0.858231 -0.502419 -0.104949 0.000000
-24.532200 -82.461678 -112.268700   0.858742 -0.501758 -0.103928 0.000000
-24.803892 -82.368149 -112.180824   0.858692 -0.502105 -0.102656 0.000000
-24.892258 -82.248154 -112.235641   0.859040 -0.501810 -0.101181 0.000000
-25.047087 -82.221260 -112.070801   0.859427 -0.501447 -0.099679 0.000000
-25.295650 -82.239258 -111.788033   0.860030 -0.500870 -0.097357 0.000000
-25.322102 -82.347000 -111.689697   0.861260 -0.499232 -0.094866 0.000000
-25.629379 -82.326172 -111.441956   0.862265 -0.498115 -0.091542 0.000000
-25.837767 -82.284073 -111.415680   0.863499 -0.496771 -0.087107 0.000000
-26.144667 -82.303215 -111.407990   0.865142 -0.494862 -0.081493 0.000000
-26.528013 -82.253624 -111.215324   0.866314 -0.493780 -0.075372 0.000000
-26.613211 -82.231911 -111.303719   0.867898 -0.491943 -0.068885 0.000000
-26.796227 -82.168686 -110.792458   0.869353 -0.490464 -0.060586 0.000000
-26.623320 -82.014641 -110.313278   0.870819 -0.488675 -0.053577 0.000000
-26.361055 -81.910904 -109.950020   0.872745 -0.486006 -0.045976 0.000000
-26.641258 -81.695801 -109.276398   0.874497 -0.483687 -0.036076 0.000000
-26.958269 -81.393509 -109.017860   0.876317 -0.481130 -0.024119 0.000000
-27.310247 -81.153061 -108.812721   0.878140 -0.478297 -0.010138 0.000000
-27.644678 -80.863525 -108.104485   0.879836 -0.475264 0.003544 0.000000
-28.132153 -80.621300 -107.471069   0.881567 -0.471719 0.017885 0.000000
-28.303465 -80.632668 -107.239960   0.884345 -0.465635 0.033443 0.000000
-28.900688 -80.744164 -106.766815   0.887324 -0.458302 0.051136 0.000000
-29.376526 -80.616035 -105.759964   0.889528 -0.451586 0.069354 0.000000
-29.695520 -80.394867 -104.749809   0.891930 -0.443292 0.089185 0.000000
-30.417049 -79.932983 -103.295242   0.892945 -0.436695 0.109300 0.000000
-31.503609 -78.576408 -100.536705   0.892613 -0.425280 0.149598 0.000000
-31.814386 -77.991615 -98.819809   0.891717 -0.419892 0.168914 0.000000
-32.238853 -77.341293 -97.116676   0.890307 -0.415246 0.186881 0.000000
-32.539394 -76.767448 -95.536354   0.889232 -0.409979 0.202936 0.000000
-32.997498 -75.695877 -93.454887   0.887101 -0.400409 0.229618 0.000000
-33.301941 -75.406525 -92.967751   0.886236 -0.395841 0.240615 0.000000
-33.263264 -75.118195 -92.577812   0.885675 -0.390382 0.251360 0.000000
-33.250778 -74.820374 -92.402382   0.885785 -0.384259 0.260249 0.000000
-33.755058 -74.359764 -92.354446   0.885635 -0.379309 0.267910 0.000000
-33.982944 -73.811195 -91.924355   0.884318 -0.376207 0.276497 0.000000
-34.003178 -73.536491 -91.676170   0.883147 -0.372874 0.284633 0.000000
-34.041367 -73.317886 -91.653244   0.882019 -0.369680 0.292198 0.000000
-33.935524 -73.038528 -91.881752   0.880446 -0.366559 0.300747 0.000000
-33.712509 -72.814735 -91.919228   0.879257 -0.363500 0.307854 0.000000
-33.340408 -72.679657 -91.737434   0.878271 -0.359460 0.315322 0.000000
-32.933186 -72.627388 -91.484871   0.876827 -0.354078 0.325275 0.000000
-32.823727 -72.527054 -91.117973   0.875369 -0.349393 0.334147 0.000000
-32.675030 -72.482117 -90.936134   0.874469 -0.343480 0.342529 0.000000
-32.470562 -72.483025 -90.717148   0.873829 -0.336397 0.351083 0.000000
-32.262699 -72.423149 -90.642113   0.873340 -0.331440 0.356966 0.000000
-31.927387 -72.503563 -90.709198   0.872727 -0.327258 0.362284 0.000000
-31.582857 -72.700356 -90.733749   0.872315 -0.322813 0.367231 0.000000
-31.315975 -72.893410 -90.731094   0.871868 -0.319143 0.371475 0.000000
-31.133945 -73.076881 -90.976479   0.871517 -0.316162 0.374834 0.000000
-31.124580 -73.152519 -91.595528   0.871513 -0.313691 0.376914 0.000000
-30.962538 -73.266663 -92.473862   0.871957 -0.310784 0.378292 0.000000
-30.713675 -73.400398 -93.136505   0.872972 -0.304427 0.381110 0.000000
-30.294277 -73.648651 -93.316086   0.874303 -0.297186 0.383765 0.000000
-29.694605 -74.027412 -94.378967   0.875919 -0.289396 0.386026 0.000000
-29.064816 -74.398277 -95.116013   0.877411 -0.280176 0.389424 0.000000
-28.425350 -74.701431 -95.919243   0.879301 -0.269978 0.392353 0.000000
-27.777752 -75.000893 -96.721710   0.881397 -0.262702 0.392589 0.000000
-27.144510 -75.255005 -97.522377   0.883553 -0.257944 0.390894 0.000000
-26.651525 -75.539589 -98.095329   0.884942 -0.255256 0.389516 0.000000
-26.117117 -75.659660 -98.602112   0.886437 -0.253605 0.387186 0.000000
-25.680128 -75.663704 -99.205536   0.888102 -0.254266 0.382915 0.000000
-25.477169 -75.622543 -99.573257   0.889168 -0.258489 0.377576 0.000000
-25.416960 -75.273453 -100.231728   0.888925 -0.266644 0.372443 0.000000
-25.365992 -75.115211 -100.547363   0.888821 -0.277453 0.364715 0.000000
-25.468370 -74.909050 -101.218750   0.889231 -0.286086 0.356964 0.000000
-25.446871 -74.596115 -101.760941   0.889541 -0.294706 0.349091 0.000000
-25.213272 -74.674767 -102.161964   0.891555 -0.301410 0.338055 0.000000
-24.776535 -74.832024 -102.255066   0.893642 -0.306488 0.327825 0.000000
-24.427029 -74.896240 -101.837891   0.894911 -0.312050 0.318997 0.000000
-24.153759 -75.079872 -101.929558   0.896911 -0.315246 0.310113 0.000000
-23.727791 -75.318573 -102.182503   0.899603 -0.318315 0.298981 0.000000
-23.262171 -75.789734 -102.414246   0.902474 -0.320999 0.287229 0.000000
-22.842930 -76.389275 -102.589027   0.904598 -0.323818 0.277208 0.000000
-22.550352 -76.955765 -102.671112   0.906143 -0.329214 0.265563 0.000000
-22.481970 -77.414726 -102.675934   0.906628 -0.336625 0.254382 0.000000
-22.639870 -77.753952 -103.015930   0.906431 -0.344840 0.243862 0.000000
-22.816048 -77.933487 -103.121231   0.904459 -0.355862 0.235195 0.000000
-23.019138 -78.183342 -103.139420   0.901645 -0.368087 0.227042 0.000000
-23.173227 -78.392235 -103.138077   0.898887 -0.379201 0.219566 0.000000
-23.196686 -78.646469 -103.153732   0.895845 -0.390387 0.212273 0.000000
-22.938013 -79.074448 -103.242172   0.892969 -0.400496 0.205452 0.000000
-22.589956 -79.546982 -103.218353   0.889857 -0.410766 0.198559 0.000000
-22.312117 -79.740196 -103.232666   0.886275 -0.421837 0.191232 0.000000
-22.115891 -79.735542 -103.119629   0.882544 -0.432437 0.184700 0.000000
-21.789536 -79.659996 -102.940536   0.878693 -0.442928 0.178082 0.000000
-21.351542 -79.547318 -102.530342   0.875173 -0.453015 0.169854 0.000000
-20.926699 -79.355385 -101.984596   0.872206 -0.461325 0.162590 0.000000
-20.234516 -79.281471 -101.336746   0.869674 -0.468595 0.155198 0.000000
-19.383837 -79.446983 -100.729057   0.867418 -0.475377 0.146977 0.000000
-18.503000 -79.707939 -100.255280   0.865493 -0.481350 0.138652 0.000000
-17.719570 -80.005547 -99.839386   0.863246 -0.487318 0.131631 0.000000
-17.162537 -80.357224 -99.766815   0.861149 -0.492676 0.125271 0.000000
-16.639969 -80.675034 -100.168282   0.859205 -0.497486 0.119477 0.000000
-16.116179 -81.153992 -100.755867   0.856951 -0.502837 0.113098 0.000000
-15.634696 -81.700562 -101.335007   0.854691 -0.508015 0.106885 0.000000
-15.331541 -82.140785 -101.774673   0.852996 -0.512024 0.101138 0.000000
-15.137782 -82.490982 -102.145241   0.851589 -0.515359 0.095918 0.000000
-14.991099 -82.789528 -102.136086   0.848638 -0.520669 0.093363 0.000000
-14.668315 -83.105576 -102.166641   0.845262 -0.526568 0.090877 0.000000
-14.298104 -83.410164 -102.138924   0.842361 -0.531453 0.089363 0.000000
-13.960902 -83.687836 -102.069756   0.839267 -0.536500 0.088306 0.000000
-13.613050 -83.998894 -101.850464   0.835963 -0.541779 0.087416 0.000000
-13.319846 -84.335419 -101.849342   0.833024 -0.546500 0.086075 0.000000
-13.132677 -84.547279 -101.708969   0.829672 -0.551681 0.085399 0.000000
-12.965986 -84.754913 -101.395828   0.826174 -0.557046 0.084476 0.000000
-12.664339 -85.003754 -101.146141   0.824063 -0.560639 0.081263 0.000000
-12.269023 -85.143227 -101.152992   0.822961 -0.562899 0.076683 0.000000
-11.943311 -85.146141 -101.239365   0.821582 -0.565354 0.073330 0.000000
-11.584660 -85.104454 -101.332085   0.819455 -0.568725 0.071026 0.000000
-11.230758 -85.037781 -101.409714   0.817829 -0.571377 0.068434 0.000000
-10.969734 -84.848244 -101.724213   0.816859 -0.572918 0.067130 0.000000
-10.768737 -84.659798 -102.093987   0.815588 -0.574714 0.067223 0.000000
-10.382341 -84.592056 -102.403191   0.814270 -0.576571 0.067306 0.000000
-9.915146 -84.660172 -102.625450   0.812843 -0.578654 0.066669 0.000000
-9.469469 -84.690773 -102.724777   0.810952 -0.581349 0.066258 0.000000
-8.999372 -84.619034 -102.722130   0.809370 -0.583656 0.065312 0.000000
-8.728128 -84.367966 -102.277275   0.808660 -0.584814 0.063724 0.000000
-8.547272 -83.998268 -101.916298   0.808326 -0.585578 0.060886 0.000000
-8.256854 -83.503540 -101.803429   0.806883 -0.587652 0.060044 0.000000
-7.944609 -83.125122 -101.780121   0.804232 -0.591190 0.060866 0.000000
-7.364368 -82.942764 -101.810097   0.801163 -0.595287 0.061410 0.000000
-6.755077 -82.846008 -101.890297   0.798431 -0.598929 0.061586 0.000000
-6.135408 -82.901489 -102.276505   0.796243 -0.601911 0.060822 0.000000
-5.503057 -83.176186 -102.690170   0.794165 -0.604662 0.060714 0.000000
-4.941353 -83.644096 -102.789139   0.792342 -0.607083 0.060370 0.000000
-4.397022 -84.070534 -102.871620   0.790974 -0.609009 0.058888 0.000000
-3.773677 -84.486740 -102.970863   0.789798 -0.610739 0.056722 0.000000
-3.143086 -84.974670 -102.975021   0.788750 -0.612137 0.056225 0.000000
-2.626812 -85.368935 -103.114021   0.788223 -0.612867 0.055661 0.000000
-2.576364 -85.427948 -103.200760   0.788407 -0.612713 0.054747 0.000000
-2.688098 -85.235695 -103.417603   0.789693 -0.611206 0.053030 0.000000
-2.920842 -85.049278 -103.719933   0.790818 -0.609902 0.051251 0.000000
-2.931865 -84.990105 -103.913002   0.791464 -0.609153 0.050174 0.000000
-3.099018 -84.904259 -104.478363   0.792656 -0.607713 0.048793 0.000000
-3.594875 -84.623230 -104.688461   0.794075 -0.606005 0.046943 0.000000
-3.982980 -84.329681 -104.830170   0.795518 -0.604240 0.045221 0.000000
-4.187126 -84.062958 -104.803627   0.796281 -0.603210 0.045533 0.000000
-4.312604 -83.856079 -104.869934   0.796822 -0.602492 0.045586 0.000000
-4.421441 -83.604187 -104.978851   0.797118 -0.602084 0.045813 0.000000
-4.513138 -83.407974 -105.041443   0.797334 -0.601707 0.046988 0.000000
-4.536308 -83.257965 -104.886383   0.798206 -0.600547 0.047009 0.000000
-4.343407 -83.236862 -104.982681   0.799203 -0.599237 0.046785 0.000000
-4.485022 -83.159302 -105.149315   0.799711 -0.598370 0.049159 0.000000
-4.584139 -83.045563 -105.392105   0.800581 -0.597076 0.050698 0.000000
-4.709662 -83.013428 -105.821220   0.801820 -0.595171 0.053437 0.000000
-5.029613 -82.952644 -105.968651   0.803326 -0.592858 0.056452 0.000000
-5.209760 -82.959503 -106.146889   0.805415 -0.589812 0.058554 0.000000
-5.485243 -82.998047 -106.654800   0.807917 -0.586022 0.062033 0.000000
-5.675896 -83.035324 -106.987312   0.810556 -0.581920 0.066091 0.000000
-6.070372 -83.035660 -107.811790   0.813756 -0.576757 0.071780 0.000000
-6.736420 -82.871605 -108.584511   0.816682 -0.571660 0.078963 0.000000
-7.109308 -82.818588 -109.118599   0.820132 -0.565863 0.084745 0.000000
-7.684360 -82.857956 -109.795341   0.824015 -0.559078 0.091824 0.000000
-7.562022 -83.087570 -109.703163   0.827670 -0.553144 0.094840 0.000000
-7.207086 -83.599052 -109.736351   0.832127 -0.546076 0.096781 0.000000
-7.579056 -83.710175 -110.221024   0.837905 -0.535878 0.103681 0.000000
-7.815292 -83.539246 -110.105530   0.842392 -0.527635 0.109435 0.000000
-7.676805 -83.863426 -110.229683   0.847016 -0.519569 0.112303 0.000000
-8.111974 -84.092445 -110.740601   0.852605 -0.508369 0.120937 0.000000
-8.731573 -83.818260 -110.511574   0.856767 -0.499299 0.129037 0.000000
-8.715208 -84.241196 -110.595528   0.861301 -0.491073 0.130413 0.000000
-8.738547 -84.762253 -111.230827   0.866016 -0.480728 0.137541 0.000000
-9.133163 -84.638420 -111.558495   0.869172 -0.472384 0.146264 0.000000
-9.126751 -84.876198 -111.967796   0.872770 -0.464668 0.149519 0.000000
-9.299482 -85.147247 -112.333580   0.877085 -0.454323 0.155927 0.000000
-9.909171 -84.798157 -112.570717   0.880819 -0.443847 0.164794 0.000000
-11.085698 -84.427780 -113.251427   0.890784 -0.419309 0.175168 0.000000
-12.109126 -83.412720 -113.275146   0.895497 -0.405636 0.183151 0.000000
-13.096043 -82.502151 -113.321465   0.900012 -0.393438 0.187575 0.000000
-14.028830 -81.456543 -113.324898   0.903881 -0.381537 0.193466 0.000000
-15.041902 -80.103546 -113.308113   0.906208 -0.372396 0.200273 0.000000
-16.006794 -78.924782 -113.619431   0.907529 -0.365727 0.206482 0.000000
-17.257708 -77.492340 -114.268539   0.907435 -0.360499 0.215876 0.000000
-19.025377 -75.408295 -114.945107   0.905489 -0.357835 0.228131 0.000000
-20.731134 -73.492928 -115.459755   0.903198 -0.357671 0.237286 0.000000
-21.894922 -72.314697 -116.146751   0.901834 -0.356511 0.244124 0.000000
-22.984365 -71.322357 -116.662636   0.900577 -0.354153 0.252063 0.000000
-23.859674 -70.659172 -117.214340   0.900194 -0.351752 0.256750 0.000000
-24.593243 -70.222588 -117.884659   0.900071 -0.347709 0.262622 0.000000
-25.519693 -69.721573 -118.304756   0.900100 -0.342226 0.269634 0.000000
-26.718374 -69.017105 -118.290672   0.901009 -0.335202 0.275359 0.000000
-28.018328 -68.111374 -117.723686   0.901688 -0.330196 0.279157 0.000000
-28.787218 -67.614723 -117.401489   0.903079 -0.325796 0.279831 0.000000
-29.255848 -67.469971 -116.971489   0.904221 -0.321378 0.281248 0.000000
-29.990320 -67.109619 -116.550819   0.904354 -0.318290 0.284315 0.000000
-30.604822 -66.607368 -116.412201   0.904651 -0.316850 0.284979 0.000000
-31.200953 -66.388046 -116.034912   0.904828 -0.315068 0.286390 0.000000
-31.917568 -66.145721 -115.418434   0.904615 -0.313025 0.289287 0.000000
-32.649025 -65.648056 -114.959953   0.904003 -0.312979 0.291245 0.000000
-33.187553 -65.289452 -114.691010   0.904266 -0.310790 0.292767 0.000000
-33.917492 -65.164749 -113.577980   0.905229 -0.305451 0.295399 0.000000
-34.445080 -64.913628 -112.452309   0.906377 -0.300366 0.297086 0.000000
-34.791668 -64.576813 -111.458580   0.907138 -0.295710 0.299425 0.000000
-34.975780 -64.498772 -110.159943   0.908002 -0.290359 0.302032 0.000000
-34.827198 -64.496368 -108.943153   0.908993 -0.284513 0.304604 0.000000
-34.486221 -64.478462 -107.694328   0.909388 -0.281030 0.306654 0.000000
-34.118401 -64.611023 -106.320969   0.909433 -0.277401 0.309806 0.000000
-33.680939 -64.813240 -104.865601   0.908842 -0.274105 0.314441 0.000000
-33.096153 -64.752876 -103.854179   0.907475 -0.275224 0.317396 0.000000
-32.411121 -64.745323 -102.712517   0.905482 -0.277250 0.321300 0.000000
-31.693634 -64.879822 -101.286255   0.903646 -0.277247 0.326432 0.000000
-30.887630 -64.819824 -99.731354   0.901875 -0.277510 0.331073 0.000000
-30.045263 -64.891556 -98.129471   0.900432 -0.277394 0.335074 0.000000
-29.210102 -64.948341 -96.529495   0.898946 -0.277001 0.339361 0.000000
-28.480507 -64.871300 -94.990646   0.896966 -0.278400 0.343433 0.000000
-27.919668 -64.756531 -93.457123   0.894887 -0.279796 0.347695 0.000000
-27.431131 -64.646729 -92.234818   0.893034 -0.281030 0.351443 0.000000
-27.066017 -64.604446 -91.256462   0.891149 -0.283464 0.354262 0.000000
-26.750238 -64.818367 -89.971222   0.889035 -0.284799 0.358479 0.000000
-26.321243 -65.355049 -89.027458   0.887518 -0.284290 0.362617 0.000000
-25.862198 -65.799866 -88.519684   0.886501 -0.283242 0.365909 0.000000
-25.677067 -66.162827 -88.186073   0.885967 -0.282028 0.368135 0.000000
-26.083393 -66.276611 -87.496826   0.885218 -0.277833 0.373093 0.000000
-26.317739 -66.467743 -87.134460   0.884886 -0.275081 0.375909 0.000000
-26.510092 -66.794785 -86.518509   0.884569 -0.268912 0.381082 0.000000
-26.653000 -67.080574 -85.751389   0.884556 -0.263165 0.385104 0.000000
-26.781620 -67.358994 -85.481262   0.885232 -0.258116 0.386964 0.000000
-26.934595 -67.655579 -85.361084   0.885266 -0.251056 0.391502 0.000000
-27.238993 -68.043472 -85.127495   0.885600 -0.243433 0.395542 0.000000
-27.566917 -68.368484 -85.072250   0.886085 -0.237328 0.398156 0.000000
-27.860521 -68.581902 -84.792572   0.885388 -0.232223 0.402692 0.000000
-28.054348 -69.033241 -84.114693   0.884792 -0.225141 0.407988 0.000000
-28.246161 -69.685623 -83.239006   0.884450 -0.217935 0.412618 0.000000
-28.436085 -70.264534 -82.478035   0.883386 -0.212443 0.417729 0.000000
-28.556145 -71.052765 -81.140884   0.881373 -0.206892 0.424707 0.000000
-28.469322 -72.302147 -80.173042   0.880309 -0.199843 0.430255 0.000000
-28.233122 -73.639870 -79.495018   0.879643 -0.195101 0.433779 0.000000
-28.029133 -74.765038 -78.858498   0.878671 -0.191850 0.437184 0.000000
-27.854900 -75.886444 -78.556114   0.877761 -0.188319 0.440535 0.000000
-27.635292 -77.058037 -78.716965   0.877857 -0.188176 0.440405 0.000000
-27.449213 -78.030792 -78.668198   0.877828 -0.189904 0.439722 0.000000
-27.146460 -79.216370 -78.780945   0.877733 -0.188169 0.440655 0.000000
-26.822842 -80.582787 -78.755180   0.878076 -0.184909 0.441350 0.000000
-26.192633 -81.989471 -78.770638   0.877910 -0.182247 0.442786 0.000000
-25.521070 -83.490936 -78.808899   0.876468 -0.176712 0.447859 0.000000
-24.902040 -84.861252 -78.525406   0.874861 -0.174352 0.451906 0.000000
-24.256126 -86.236168 -78.473946   0.872515 -0.171331 0.457561 0.000000
-23.438148 -87.480766 -78.262146   0.869986 -0.165525 0.464464 0.000000
-22.448786 -88.889732 -78.130646   0.867425 -0.163629 0.469893 0.000000
-21.138409 -90.383797 -77.872231   0.863814 -0.157137 0.478680 0.000000
-19.398489 -92.113396 -78.023872   0.859527 -0.148197 0.489133 0.000000
-17.708151 -93.897141 -78.596230   0.856063 -0.143850 0.496450 0.000000
-16.059641 -95.322411 -79.109619   0.852466 -0.144332 0.502464 0.000000
-14.485796 -96.602257 -79.545364   0.847858 -0.147762 0.509218 0.000000
-13.329116 -97.834473 -79.950890   0.844209 -0.151053 0.514291 0.000000
-12.359600 -98.804100 -80.360855   0.840237 -0.155753 0.519368 0.000000
-11.422787 -99.740128 -80.687637   0.835130 -0.160275 0.526185 0.000000
-10.834870 -100.684441 -81.021042   0.832437 -0.164006 0.529292 0.000000
-10.006618 -101.438965 -81.593750   0.829368 -0.167132 0.533118 0.000000
-8.921394 -102.153473 -81.745476   0.824517 -0.171183 0.539322 0.000000
-8.317883 -102.755241 -82.520973   0.820974 -0.174195 0.543745 0.000000
-7.787253 -103.074501 -83.125046   0.817194 -0.180098 0.547502 0.000000
-7.268025 -103.213493 -83.639549   0.812739 -0.187644 0.551585 0.000000
-7.097907 -103.079697 -84.267845   0.810238 -0.193674 0.553177 0.000000
-6.897703 -102.884109 -84.787811   0.807653 -0.200874 0.554388 0.000000
-6.591553 -102.489494 -85.233719   0.804302 -0.207162 0.556940 0.000000
-6.472550 -102.113022 -85.249023   0.800082 -0.214770 0.560127 0.000000
-6.097206 -101.604507 -84.905830   0.795144 -0.222987 0.563935 0.000000
-5.720664 -100.971184 -84.370811   0.792298 -0.227295 0.566216 0.000000
-5.460663 -100.262482 -83.144249   0.789925 -0.229297 0.568719 0.000000
-4.937600 -99.596008 -82.057472   0.785120 -0.233840 0.573502 0.000000
-4.284959 -98.838936 -80.703545   0.778839 -0.238557 0.580086 0.000000
-3.921196 -98.100731 -80.904488   0.774747 -0.242123 0.584075 0.000000
-3.012069 -97.728279 -80.934677   0.769734 -0.247699 0.588349 0.000000
-2.255234 -97.495926 -81.146324   0.765699 -0.252211 0.591688 0.000000
-1.687056 -97.323944 -81.194221   0.762460 -0.257213 0.593714 0.000000
-1.186104 -97.212448 -81.098595   0.759698 -0.260436 0.595846 0.000000
-1.235597 -97.187698 -81.624268   0.758488 -0.259987 0.597580 0.000000
-1.300314 -97.137947 -81.887939   0.757612 -0.260516 0.598461 0.000000
-1.560645 -97.129196 -82.658188   0.758559 -0.259315 0.597782 0.000000
-2.440894 -97.200005 -82.995094   0.761672 -0.255376 0.595516 0.000000
-3.263016 -97.325073 -83.128601   0.766651 -0.251086 0.590933 0.000000
-4.053904 -97.623543 -83.815941   0.771924 -0.247338 0.585625 0.000000
-4.525601 -98.075844 -84.808472   0.776962 -0.245381 0.579756 0.000000
-4.479196 -98.520203 -85.228233   0.780440 -0.245206 0.575141 0.000000
-4.170822 -99.246628 -86.232025   0.784752 -0.244972 0.569344 0.000000
-4.493898 -100.095329 -88.058922   0.793548 -0.239265 0.559494 0.000000
-5.151887 -100.945595 -90.124504   0.803975 -0.232210 0.547451 0.000000
-5.120309 -101.766579 -91.922821   0.813182 -0.229164 0.534993 0.000000
-4.840217 -102.793274 -93.913162   0.821723 -0.227987 0.522296 0.000000
-4.388648 -103.344597 -95.126160   0.824679 -0.226753 0.518158 0.000000
-4.105475 -104.184288 -95.781403   0.822429 -0.226462 0.521849 0.000000
-4.051245 -104.075378 -96.103424   0.823602 -0.227585 0.519505 0.000000
-4.127142 -104.235420 -96.698402   0.827474 -0.228540 0.512889 0.000000
-3.837641 -103.883591 -96.389481   0.828086 -0.228064 0.512113 0.000000
-3.460758 -103.834999 -96.361778   0.826118 -0.228611 0.515040 0.000000
-3.056280 -103.740486 -96.377724   0.824772 -0.230816 0.516213 0.000000
-2.448448 -103.591766 -96.457527   0.822090 -0.233686 0.519190 0.000000
-1.874680 -103.356552 -96.513382   0.818040 -0.235674 0.524660 0.000000
-1.188485 -102.981255 -96.422325   0.815155 -0.235693 0.529123 0.000000
-0.685062 -102.576515 -96.216728   0.812800 -0.237550 0.531908 0.000000
0.015249 -102.131081 -96.063362   0.812168 -0.240737 0.531440 0.000000
0.398840 -101.604080 -96.073807   0.812632 -0.245293 0.528641 0.000000
0.686349 -101.145889 -95.972878   0.812851 -0.248596 0.526758 0.000000
0.792331 -100.748268 -96.074814   0.814787 -0.251488 0.522375 0.000000
0.940767 -100.200569 -96.273071   0.815805 -0.253088 0.520008 0.000000
0.960841 -99.882774 -96.660355   0.817007 -0.250603 0.519325 0.000000
0.924823 -99.718918 -96.984116   0.818427 -0.251212 0.516788 0.000000
1.032444 -99.399193 -97.240753   0.818671 -0.250823 0.516590 0.000000
0.945786 -99.328835 -97.570908   0.821499 -0.246947 0.513961 0.000000
0.491241 -99.557388 -97.811920   0.824106 -0.249198 0.508674 0.000000
0.000898 -99.581917 -97.715927   0.826339 -0.251145 0.504074 0.000000
-0.530166 -99.679390 -97.603012   0.829490 -0.251126 0.498882 0.000000
-1.099760 -100.037308 -98.273674   0.833282 -0.250571 0.492803 0.000000
-1.556896 -100.262924 -98.384781   0.836916 -0.248474 0.487681 0.000000
-1.843009 -100.529083 -98.267311   0.840411 -0.244705 0.483559 0.000000
-2.027816 -100.882767 -97.728935   0.843400 -0.241861 0.479771 0.000000
-2.343897 -101.257370 -97.352737   0.846140 -0.242402 0.474645 0.000000
-2.636895 -101.527382 -96.768448   0.847152 -0.244668 0.471669 0.000000
-2.969554 -101.878693 -96.287117   0.848289 -0.248547 0.467580 0.000000
-3.456316 -102.207664 -95.604851   0.850184 -0.251071 0.462765 0.000000
-3.952584 -102.539452 -94.788544   0.852180 -0.252953 0.458043 0.000000
-4.390725 -102.770233 -94.031380   0.853501 -0.255206 0.454320 0.000000
-4.904293 -103.007988 -93.335121   0.856199 -0.259277 0.446876 0.000000
-5.499990 -103.122757 -92.506989   0.858802 -0.266819 0.437340 0.000000
-6.157639 -103.152054 -91.983864   0.860757 -0.274514 0.428649 0.000000
-6.695716 -103.189003 -91.215096   0.862103 -0.281223 0.421535 0.000000
-7.298621 -103.380997 -90.705750   0.863267 -0.287789 0.414666 0.000000
-8.037428 -103.246391 -90.547302   0.863742 -0.292405 0.410424 0.000000
-8.957187 -103.406960 -90.974701   0.865974 -0.295961 0.403107 0.000000
-9.991935 -103.532089 -91.379974   0.868465 -0.298720 0.395645 0.000000
-10.707319 -103.513626 -91.472977   0.869061 -0.303327 0.390802 0.000000
-11.326781 -103.661293 -91.550385   0.869754 -0.308157 0.385445 0.000000
-11.790382 -103.696762 -91.417740   0.870378 -0.313038 0.380065 0.000000
-12.134774 -103.618607 -91.209038   0.870327 -0.319281 0.374953 0.000000
-12.414168 -103.506477 -91.138626   0.870466 -0.325342 0.369380 0.000000
-12.760896 -103.531151 -91.276115   0.871599 -0.330297 0.362241 0.000000
-13.008985 -103.399078 -91.175331   0.872593 -0.334185 0.356233 0.000000
-13.340857 -103.421806 -91.029053   0.873104 -0.337838 0.351505 0.000000
-13.820582 -103.287437 -90.986176   0.872962 -0.340350 0.349427 0.000000
-14.205661 -103.015007 -90.984283   0.873225 -0.342767 0.346394 0.000000
-14.539323 -102.838112 -91.188873   0.874505 -0.345312 0.340590 0.000000
-14.855906 -102.554756 -91.169884   0.876111 -0.345828 0.335906 0.000000
-15.008131 -102.240822 -91.098000   0.877474 -0.345609 0.332557 0.000000
-15.095200 -101.919258 -91.259468   0.878579 -0.345193 0.330061 0.000000
-15.216937 -101.688278 -91.283165   0.879296 -0.345027 0.328320 0.000000
-15.145951 -101.352074 -90.853333   0.879073 -0.344028 0.329962 0.000000
-15.092656 -101.130478 -90.382423   0.877877 -0.345966 0.331117 0.000000
-15.105093 -100.926056 -89.887321   0.876191 -0.349229 0.332159 0.000000
-15.051786 -100.731743 -89.167252   0.875154 -0.349619 0.334472 0.000000
-14.962478 -100.584732 -88.483734   0.874814 -0.348981 0.336025 0.000000
-14.818137 -100.357437 -87.653381   0.875805 -0.349113 0.333294 0.000000
-14.747202 -100.162994 -87.070580   0.877121 -0.349437 0.329474 0.000000
-14.611721 -99.895752 -86.351418   0.877355 -0.351238 0.326924 0.000000
-14.586125 -99.845940 -85.960587   0.877854 -0.353014 0.323656 0.000000
-14.663510 -99.728477 -85.532089   0.877257 -0.356311 0.321656 0.000000
-14.983901 -99.747826 -85.465103   0.877055 -0.359311 0.318857 0.000000
-15.377420 -99.624886 -85.304436   0.877497 -0.360216 0.316613 0.000000
-15.805047 -99.472511 -85.079475   0.876685 -0.362113 0.316698 0.000000
-16.186749 -99.523048 -85.197044   0.876698 -0.362351 0.316390 0.000000
-16.405270 -99.424294 -85.033691   0.877437 -0.360645 0.316290 0.000000
-16.619450 -99.428543 -85.060532   0.877848 -0.360507 0.315307 0.000000
-16.769812 -99.500450 -85.123817   0.878178 -0.360550 0.314335 0.000000
-17.005520 -99.558441 -85.119385   0.877746 -0.362128 0.313729 0.000000
-17.268200 -99.674332 -85.246056   0.877005 -0.364603 0.312933 0.000000
-17.416418 -99.690742 -85.396568   0.877449 -0.364096 0.312279 0.000000
-17.632656 -99.680969 -85.346321   0.877829 -0.362930 0.312568 0.000000
-17.837437 -99.700104 -85.301445   0.878255 -0.361526 0.312998 0.000000
-18.028049 -99.734673 -85.396042   0.879391 -0.359115 0.312584 0.000000
-18.054432 -99.671585 -85.356842   0.879592 -0.358723 0.312467 0.000000
-18.013212 -99.482483 -85.354561   0.879262 -0.358269 0.313914 0.000000
-18.131269 -99.500267 -85.442284   0.879723 -0.358138 0.312770 0.000000
-18.093470 -99.293411 -85.369293   0.879565 -0.358370 0.312949 0.000000
-18.111597 -99.199684 -85.324234   0.879681 -0.357419 0.313709 0.000000
-18.119867 -99.163597 -85.366203   0.879886 -0.356355 0.314344 0.000000
-18.084490 -99.120804 -85.610046   0.879979 -0.355083 0.315520 0.000000
-18.172371 -99.201599 -85.791840   0.879905 -0.354978 0.315843 0.000000
-18.254976 -99.193428 -85.808167   0.879239 -0.355963 0.316590 0.000000
-18.335823 -99.290062 -85.939911   0.878983 -0.356034 0.317220 0.000000
-18.227318 -99.313576 -86.054932   0.879431 -0.353810 0.318465 0.000000
-18.097458 -99.332085 -86.168808   0.879677 -0.352439 0.319304 0.000000
-17.894785 -99.232887 -86.188728   0.878726 -0.352116 0.322265 0.000000
-17.811464 -99.254204 -86.295868   0.878608 -0.351069 0.323725 0.000000
-17.857822 -99.250984 -86.439720   0.879023 -0.350941 0.322738 0.000000
-17.822746 -99.129463 -86.568802   0.878463 -0.350673 0.324549 0.000000
-17.724983 -99.053490 -86.660095   0.877766 -0.350676 0.326424 0.000000
-17.834715 -99.102837 -87.016594   0.877759 -0.350580 0.326548 0.000000
-17.866335 -99.092033 -87.238686   0.877776 -0.350582 0.326497 0.000000
-17.810272 -99.050629 -87.497177   0.877419 -0.349919 0.328165 0.000000
-17.855577 -99.013802 -87.636017   0.877345 -0.349422 0.328893 0.000000
-17.908791 -98.996162 -87.857460   0.877518 -0.349815 0.328010 0.000000
-17.899172 -98.892532 -88.019608   0.877145 -0.350688 0.328077 0.000000
-17.939491 -98.887039 -88.234322   0.877183 -0.351129 0.327505 0.000000
-17.844643 -98.808510 -88.421532   0.878153 -0.349035 0.327143 0.000000
-17.781816 -98.729973 -88.464836   0.878865 -0.347316 0.327058 0.000000
-17.818796 -98.764931 -88.627525   0.879465 -0.346897 0.325889 0.000000
-17.786184 -98.665657 -88.661980   0.880235 -0.345924 0.324843 0.000000
-17.793978 -98.682678 -88.813576   0.880948 -0.345429 0.323433 0.000000
-17.954903 -98.874207 -89.055115   0.882498 -0.343556 0.321195 0.000000
-18.233480 -99.147232 -89.427574   0.884315 -0.339909 0.320076 0.000000
-18.690350 -99.487854 -89.786255   0.886097 -0.337229 0.317975 0.000000
-19.161776 -99.836662 -90.132370   0.887642 -0.336341 0.314590 0.000000
-19.386841 -100.025177 -90.241379   0.888200 -0.336325 0.313027 0.000000
-19.527847 -100.234856 -90.156357   0.888830 -0.336816 0.310703 0.000000
-19.729584 -100.538223 -90.265373   0.890483 -0.336639 0.306128 0.000000
-20.142862 -100.778809 -89.997643   0.891281 -0.336141 0.304348 0.000000
-20.391796 -100.747871 -89.367119   0.891132 -0.334875 0.306174 0.000000
-20.688002 -100.789726 -88.812851   0.891056 -0.332260 0.309229 0.000000
-21.221193 -100.954918 -88.306236   0.890822 -0.329360 0.312981 0.000000
-21.406979 -100.816429 -87.741432   0.889220 -0.326608 0.320336 0.000000
-21.679098 -100.665375 -87.128616   0.886556 -0.324228 0.329994 0.000000
-21.927843 -100.347908 -86.171906   0.883686 -0.322349 0.339398 0.000000
-22.285156 -99.871422 -84.924057   0.880610 -0.319181 0.350215 0.000000
-22.933937 -99.392715 -83.956169   0.877208 -0.315079 0.362258 0.000000
-23.626118 -98.687843 -83.049385   0.873663 -0.309492 0.375404 0.000000
-24.311857 -98.197594 -82.342468   0.871257 -0.303777 0.385526 0.000000
-24.870956 -97.632507 -81.797951   0.869896 -0.297666 0.393288 0.000000
-25.685932 -97.252914 -81.503662   0.869806 -0.291582 0.398016 0.000000
-26.713255 -96.833565 -81.339035   0.870210 -0.285316 0.401658 0.000000
-27.666420 -96.300499 -80.999031   0.870642 -0.279238 0.404979 0.000000
-28.744747 -95.748642 -80.477386   0.871810 -0.273398 0.406449 0.000000
-30.111334 -95.091370 -79.773857   0.873973 -0.266636 0.406297 0.000000
-31.608000 -94.407127 -79.152924   0.876721 -0.258738 0.405482 0.000000
-33.049122 -93.584396 -78.443588   0.879757 -0.250911 0.403822 0.000000
-34.346474 -92.755959 -78.063576   0.883075 -0.242820 0.401520 0.000000
-35.264038 -91.702477 -77.535057   0.885599 -0.237520 0.399121 0.000000
-36.030548 -90.721321 -76.810135   0.888190 -0.234253 0.395277 0.000000
-36.736763 -89.749542 -76.689339   0.891082 -0.230073 0.391203 0.000000
-37.225922 -88.634354 -76.314011   0.893872 -0.226006 0.387186 0.000000
-37.684906 -87.401428 -75.989540   0.896431 -0.223138 0.382910 0.000000
-38.119816 -86.125145 -75.605209   0.898861 -0.221556 0.378103 0.000000
-38.487911 -84.881348 -74.946106   0.901007 -0.221788 0.372821 0.000000
-38.690594 -83.525375 -74.452492   0.902616 -0.221818 0.368893 0.000000
-38.858833 -82.214355 -74.163010   0.904292 -0.221964 0.364675 0.000000
-39.025623 -81.008202 -73.777008   0.906294 -0.222697 0.359217 0.000000
-39.047962 -79.807030 -73.268990   0.907676 -0.223811 0.355010 0.000000
-39.052692 -78.821785 -73.032921   0.909232 -0.225602 0.349857 0.000000
-38.965214 -77.937195 -72.884628   0.910636 -0.226766 0.345426 0.000000
-38.982571 -77.244194 -72.680954   0.912337 -0.227629 0.340333 0.000000
-39.226223 -76.719261 -72.751602   0.914315 -0.228835 0.334159 0.000000
-39.188427 -76.234863 -72.691498   0.915843 -0.231216 0.328286 0.000000
-39.150993 -75.777870 -72.602486   0.917304 -0.234595 0.321744 0.000000
-39.273514 -75.396843 -72.661461   0.918721 -0.238726 0.314581 0.000000
-39.155930 -74.885864 -72.689438   0.919784 -0.243754 0.307542 0.000000
-39.173233 -74.351913 -72.600899   0.920993 -0.249679 0.299053 0.000000
-39.471184 -73.875420 -72.898499   0.922571 -0.254359 0.290109 0.000000
-39.686695 -73.324516 -73.026375   0.924325 -0.258832 0.280408 0.000000
-40.037933 -72.708168 -72.871719   0.926436 -0.264173 0.268194 0.000000
-40.358662 -72.099541 -73.079353   0.928468 -0.268094 0.257047 0.000000
-40.731339 -71.418800 -73.254883   0.930080 -0.273298 0.245478 0.000000
-41.367832 -70.472458 -73.393074   0.931308 -0.281435 0.231215 0.000000
-42.097168 -69.386452 -73.423706   0.932018 -0.292188 0.214403 0.000000
-42.742054 -68.220894 -73.363647   0.932024 -0.304187 0.196981 0.000000
-43.256500 -67.216217 -73.771355   0.931505 -0.315109 0.181673 0.000000
-43.727810 -66.096741 -73.700050   0.929958 -0.328794 0.164536 0.000000
-44.366596 -64.953842 -73.825745   0.928080 -0.341884 0.147591 0.000000
-44.681610 -64.072586 -74.062424   0.926215 -0.352613 0.133382 0.000000
-44.892632 -63.288692 -73.994743   0.924011 -0.363539 0.118503 0.000000
-45.161503 -62.664635 -74.023148   0.921808 -0.373228 0.104742 0.000000
-45.098263 -62.256908 -74.064186   0.919264 -0.382337 0.093665 0.000000
-44.948425 -61.932053 -74.146652   0.916204 -0.392384 0.081274 0.000000
-44.832851 -61.637482 -74.194656   0.912084 -0.404182 0.068848 0.000000
-44.416897 -61.362949 -73.994583   0.907304 -0.416538 0.057410 0.000000
-43.986347 -61.214863 -73.899834   0.902871 -0.427415 0.046265 0.000000
-43.577301 -61.223186 -74.070084   0.898164 -0.438130 0.036652 0.000000
-42.948174 -61.183640 -73.674072   0.892345 -0.450561 0.026733 0.000000
-42.704197 -61.274364 -73.828865   0.887601 -0.460305 0.016829 0.000000
-42.569603 -61.323071 -73.882133   0.882813 -0.469632 0.009341 0.000000
-42.528023 -61.397697 -74.102608   0.878862 -0.477072 0.001760 0.000000
-42.704830 -61.556049 -74.804619   0.875522 -0.483130 -0.006871 0.000000
-42.869980 -61.600121 -75.428940   0.870892 -0.491258 -0.014582 0.000000
-42.971325 -61.788677 -76.505547   0.866876 -0.497967 -0.023551 0.000000
-42.963280 -62.012569 -77.575951   0.863154 -0.503951 -0.031597 0.000000
-43.076870 -62.271355 -79.019997   0.859685 -0.509301 -0.039425 0.000000
-43.174500 -62.469685 -80.734886   0.855610 -0.515427 -0.047612 0.000000
-43.321880 -62.574028 -82.144958   0.850237 -0.523494 -0.055242 0.000000
-43.559303 -62.725338 -83.603882   0.846191 -0.529191 -0.062594 0.000000
-43.740162 -62.814358 -85.061371   0.842477 -0.533926 -0.071806 0.000000
-43.877655 -62.689148 -86.250511   0.836953 -0.541263 -0.080894 0.000000
-43.966251 -62.372997 -87.169731   0.831705 -0.548004 -0.089205 0.000000
-44.007767 -62.032631 -87.868713   0.826319 -0.555007 -0.095727 0.000000
-43.954872 -61.752876 -88.177551   0.821531 -0.561138 -0.101044 0.000000
-43.691444 -61.474045 -88.415405   0.817852 -0.564971 -0.109207 0.000000
-43.444565 -60.980511 -88.192879   0.811302 -0.573596 -0.113030 0.000000
-43.027958 -60.544056 -88.107521   0.806845 -0.579193 -0.116349 0.000000
-42.589012 -60.257301 -88.159447   0.805336 -0.580585 -0.119817 0.000000
-42.076183 -60.082642 -88.521698   0.805260 -0.579759 -0.124240 0.000000
-41.686546 -59.758492 -87.899323   0.799009 -0.588130 -0.125246 0.000000
-41.049133 -59.423027 -88.112846   0.792642 -0.596564 -0.125817 0.000000
-40.326874 -59.158371 -88.094772   0.790767 -0.598954 -0.126262 0.000000
-39.754219 -58.933716 -87.806755   0.789169 -0.600949 -0.126779 0.000000
-39.221569 -58.745739 -87.541389   0.787061 -0.603456 -0.127971 0.000000
-38.588638 -58.690487 -87.460083   0.784898 -0.606080 -0.128850 0.000000
-37.925209 -58.749332 -87.244858   0.782370 -0.609565 -0.127783 0.000000
-37.481525 -58.752094 -86.789726   0.779596 -0.613411 -0.126321 0.000000
-37.234539 -58.705341 -86.367371   0.776894 -0.617229 -0.124358 0.000000
-37.181332 -58.549633 -85.849731   0.775722 -0.619080 -0.122458 0.000000
-37.119411 -58.396626 -85.325981   0.775040 -0.620035 -0.121942 0.000000
-37.086227 -58.210629 -84.418648   0.772580 -0.623154 -0.121653 0.000000
-37.057941 -58.132877 -83.837036   0.770687 -0.625419 -0.122040 0.000000
-36.900604 -58.122257 -83.296677   0.768465 -0.628061 -0.122478 0.000000
-36.665836 -58.223957 -82.904045   0.765819 -0.631186 -0.122989 0.000000
-36.575634 -58.374180 -82.680771   0.763659 -0.633633 -0.123833 0.000000
-36.625793 -58.524017 -82.475311   0.760464 -0.637258 -0.124888 0.000000
-36.702690 -58.778740 -82.181702   0.757330 -0.640685 -0.126385 0.000000
-36.571861 -59.104996 -82.013107   0.754692 -0.643263 -0.129046 0.000000
-36.413620 -59.444828 -81.754669   0.750617 -0.647700 -0.130611 0.000000
-36.251900 -59.757839 -81.629387   0.746657 -0.652018 -0.131816 0.000000
-36.232601 -59.933380 -81.385544   0.743317 -0.655686 -0.132498 0.000000
-36.462849 -59.871632 -81.168396   0.740409 -0.659036 -0.132162 0.000000
-36.693790 -59.787773 -80.872681   0.738805 -0.660851 -0.132071 0.000000
-36.757366 -59.714359 -80.588852   0.737757 -0.661985 -0.132248 0.000000
-36.898815 -59.589123 -80.453667   0.736270 -0.663863 -0.131117 0.000000
-36.996155 -59.470325 -80.674133   0.734877 -0.665692 -0.129657 0.000000
-36.997528 -59.396515 -81.179100   0.733081 -0.667827 -0.128842 0.000000
-37.047493 -59.350105 -81.883713   0.731208 -0.669958 -0.128417 0.000000
-37.333385 -59.257244 -82.596840   0.729584 -0.672004 -0.126961 0.000000
-37.742622 -59.145195 -83.295471   0.728522 -0.673570 -0.124732 0.000000
-38.104221 -59.068851 -83.917892   0.727669 -0.674589 -0.124211 0.000000
-38.471550 -58.987564 -84.619392   0.726739 -0.675684 -0.123696 0.000000
-38.824791 -58.935547 -85.386337   0.726101 -0.676652 -0.122149 0.000000
-38.977264 -59.026115 -86.053986   0.726033 -0.676968 -0.120791 0.000000
-38.960648 -59.275707 -86.727448   0.725883 -0.677289 -0.119892 0.000000
-39.226654 -59.568848 -87.458618   0.725298 -0.678402 -0.117104 0.000000
-39.490452 -59.905010 -88.163727   0.725983 -0.677910 -0.115697 0.000000
-39.892021 -60.323917 -89.001930   0.727386 -0.676760 -0.113601 0.000000
-40.386726 -60.774899 -89.684380   0.729010 -0.675495 -0.110683 0.000000
-40.733330 -61.318237 -90.602501   0.731643 -0.673070 -0.108057 0.000000
-41.042442 -61.930088 -91.265411   0.733441 -0.671615 -0.104869 0.000000
-41.083424 -62.595974 -91.649925   0.734893 -0.670278 -0.103249 0.000000
-41.226521 -63.219574 -91.677521   0.735977 -0.669303 -0.101840 0.000000
-41.411266 -63.756454 -92.046280   0.737298 -0.668159 -0.099774 0.000000
-41.445362 -64.313133 -92.487770   0.738157 -0.667422 -0.098340 0.000000
-41.543022 -64.806389 -92.735237   0.738456 -0.667166 -0.097839 0.000000
-41.698250 -65.208488 -92.633789   0.738014 -0.667745 -0.097218 0.000000
-41.717686 -65.467056 -92.597092   0.738360 -0.667356 -0.097269 0.000000
-41.821404 -65.570709 -92.528000   0.738524 -0.667164 -0.097342 0.000000
-41.953003 -65.554642 -92.504128   0.738623 -0.667061 -0.097288 0.000000
-42.084209 -65.473999 -92.505943   0.739118 -0.666488 -0.097457 0.000000
-42.242615 -65.336128 -92.460197   0.739369 -0.666223 -0.097364 0.000000
-42.320324 -65.183853 -92.551468   0.739553 -0.666087 -0.096899 0.000000
-42.448406 -64.992188 -92.718201   0.740146 -0.665549 -0.096069 0.000000
-42.699963 -64.691826 -92.939636   0.740597 -0.665163 -0.095264 0.000000
-43.002850 -64.342461 -93.181557   0.741058 -0.664698 -0.094916 0.000000
-43.141823 -64.050514 -93.293549   0.741118 -0.664688 -0.094513 0.000000
-43.208035 -63.855663 -93.383316   0.741092 -0.664739 -0.094368 0.000000
-43.257843 -63.681004 -93.531349   0.741390 -0.664503 -0.093682 0.000000
-43.327995 -63.503902 -93.474159   0.741986 -0.663895 -0.093273 0.000000
-43.301586 -63.337105 -93.186737   0.742327 -0.663538 -0.093102 0.000000
-43.188210 -63.255707 -92.927666   0.742292 -0.663603 -0.092916 0.000000
-43.150490 -63.180370 -92.668488   0.742660 -0.663227 -0.092664 0.000000
-43.227882 -63.040215 -92.448975   0.742845 -0.663053 -0.092428 0.000000
-43.271000 -62.894794 -92.206459   0.743562 -0.662288 -0.092142 0.000000
-43.271030 -62.743240 -92.013359   0.744994 -0.660724 -0.091805 0.000000
-43.313297 -62.566399 -91.854568   0.745821 -0.659836 -0.091469 0.000000
-43.303658 -62.351727 -91.726822   0.746997 -0.658558 -0.091090 0.000000
-43.266144 -62.121670 -91.423431   0.748760 -0.656772 -0.089496 0.000000
-43.255505 -61.875648 -91.032326   0.751769 -0.653749 -0.086341 0.000000
-43.237762 -61.653416 -90.524055   0.755126 -0.650464 -0.081735 0.000000
-43.202690 -61.575283 -89.712036   0.757709 -0.648243 -0.075218 0.000000
-43.220596 -61.749889 -88.789368   0.761447 -0.644846 -0.066120 0.000000
-43.158985 -62.083672 -88.529716   0.769456 -0.635784 -0.060968 0.000000
-43.299614 -62.615559 -88.377739   0.775787 -0.628405 -0.057111 0.000000
-43.403934 -63.268044 -88.472656   0.780089 -0.623229 -0.055195 0.000000
-43.810413 -63.993748 -88.848289   0.784527 -0.617933 -0.051732 0.000000
-44.268726 -64.598198 -89.397751   0.788842 -0.612674 -0.048567 0.000000
-44.592522 -65.178040 -90.111160   0.791623 -0.609179 -0.047273 0.000000
-45.036797 -65.694572 -91.016449   0.792940 -0.607625 -0.045156 0.000000
-45.516697 -66.283981 -91.895935   0.792828 -0.608003 -0.041911 0.000000
-45.911049 -67.054802 -92.688202   0.792999 -0.607889 -0.040287 0.000000
-46.230694 -67.905212 -93.637947   0.794463 -0.605920 -0.041101 0.000000
-46.521976 -68.697266 -94.616737   0.795858 -0.604022 -0.042049 0.000000
-46.857113 -69.290947 -95.678200   0.796184 -0.603612 -0.041758 0.000000
-47.150646 -69.735252 -96.639297   0.795905 -0.604007 -0.041367 0.000000
-47.303471 -70.020370 -97.586922   0.796227 -0.603488 -0.042724 0.000000
-47.478825 -69.873405 -98.342407   0.796905 -0.602465 -0.044479 0.000000
-47.662544 -69.332214 -98.990608   0.797011 -0.602258 -0.045378 0.000000
-47.916870 -68.648460 -99.316284   0.796807 -0.602449 -0.046405 0.000000
-48.097645 -67.939331 -98.975830   0.796699 -0.602544 -0.047024 0.000000
-48.224747 -67.335793 -98.196381   0.796988 -0.602108 -0.047711 0.000000
-48.218010 -66.978905 -97.108887   0.797553 -0.601384 -0.047391 0.000000
-48.095371 -66.941597 -95.862701   0.798371 -0.600428 -0.045723 0.000000
-47.778454 -67.286949 -94.748093   0.799249 -0.599362 -0.044343 0.000000
-47.388290 -67.792061 -93.934555   0.800324 -0.597992 -0.043442 0.000000
-47.067802 -68.202187 -93.522316   0.801390 -0.596600 -0.042928 0.000000
-46.676968 -68.458153 -93.450394   0.802167 -0.595577 -0.042616 0.000000
-46.195263 -68.563118 -93.799057   0.802733 -0.594777 -0.043141 0.000000
-45.646774 -68.567635 -94.174942   0.802959 -0.594413 -0.043947 0.000000
-45.095112 -68.439125 -94.511261   0.803017 -0.594289 -0.044542 0.000000
-44.737438 -68.161644 -94.965919   0.802875 -0.594458 -0.044856 0.000000
-44.528877 -67.853531 -95.503510   0.802613 -0.594789 -0.045152 0.000000
-44.325649 -67.595970 -96.067574   0.802539 -0.594848 -0.045680 0.000000
-44.251060 -67.295052 -96.587135   0.802543 -0.594795 -0.046297 0.000000
-44.308144 -66.955688 -96.995735   0.802361 -0.594982 -0.047045 0.000000
-44.400650 -66.634361 -97.344711   0.802214 -0.595114 -0.047870 0.000000
-44.550266 -66.322983 -97.595306   0.802239 -0.595019 -0.048640 0.000000
-44.653122 -66.017220 -97.631485   0.802151 -0.595097 -0.049133 0.000000
-44.703003 -65.722473 -97.622353   0.801986 -0.595261 -0.049830 0.000000
-44.601521 -65.446251 -97.524460   0.801903 -0.595351 -0.050090 0.000000
-44.353695 -65.238495 -97.448631   0.802070 -0.595102 -0.050367 0.000000
-44.119202 -65.085938 -97.435730   0.802534 -0.594446 -0.050722 0.000000
-44.102207 -64.880615 -97.607574   0.803251 -0.593502 -0.050428 0.000000
-44.146069 -64.670242 -97.777344   0.803915 -0.592648 -0.049886 0.000000
-44.025478 -64.584587 -97.929199   0.804560 -0.591788 -0.049696 0.000000
-43.877640 -64.599556 -97.861732   0.804980 -0.591239 -0.049429 0.000000
-43.899788 -64.552254 -97.750725   0.805155 -0.591065 -0.048662 0.000000
-43.908447 -64.470070 -97.605614   0.805125 -0.591136 -0.048289 0.000000
-43.791992 -64.403732 -97.376495   0.805034 -0.591263 -0.048249 0.000000
-43.789757 -64.135223 -97.359512   0.805297 -0.590953 -0.047660 0.000000
-43.795380 -63.730213 -97.341209   0.805698 -0.590451 -0.047099 0.000000
-43.976406 -63.191284 -97.226662   0.805994 -0.590084 -0.046629 0.000000
-44.301250 -62.381329 -97.313560   0.806195 -0.589914 -0.045300 0.000000
-44.649036 -61.431824 -97.655472   0.806342 -0.589792 -0.044245 0.000000
-44.722397 -60.383858 -98.253632   0.806680 -0.589357 -0.043885 0.000000
-44.479961 -59.295658 -98.795280   0.807047 -0.588827 -0.044239 0.000000
-44.049080 -58.160561 -98.933891   0.807350 -0.588374 -0.044744 0.000000
-43.608227 -57.039131 -98.620575   0.807482 -0.588223 -0.044352 0.000000
-43.171368 -56.236221 -98.156456   0.808151 -0.587373 -0.043406 0.000000
-42.737347 -55.995537 -97.592186   0.809146 -0.586082 -0.042317 0.000000
-42.419456 -56.138355 -97.206413   0.810346 -0.584533 -0.040757 0.000000
-42.052639 -56.597763 -96.892738   0.811611 -0.582900 -0.038927 0.000000
-41.521832 -57.269726 -96.412697   0.812753 -0.581426 -0.037083 0.000000
-40.992596 -57.778172 -95.691391   0.813630 -0.580337 -0.034855 0.000000
-40.736465 -57.891865 -94.843987   0.814622 -0.579085 -0.032431 0.000000
-40.802814 -57.490078 -93.854149   0.815958 -0.577360 -0.029476 0.000000
-40.726013 -56.717102 -92.245628   0.818529 -0.573922 -0.024992 0.000000
-40.122299 -56.027115 -89.848961   0.824213 -0.566043 -0.016393 0.000000
-38.858738 -55.707973 -86.447601   0.831248 -0.555865 -0.006342 0.000000
